1654057001.007002 0.2097795009613037 1014.1315000994455 507.06575004972274 10 15641 1-1
1654057002.1554341 0.6303455829620361 583.6417513568224 545.3537507032726 100 15641 1-2
1654057003.4699097 0.3557758331298828 871.4251254014122 708.3894380523424 100 15641 1-3
1654057004.5067525 0.509244441986084 659.0312477267471 683.7103428895448 100 15641 1-4
1654057005.7346404 0.3610262870788574 984.4601701326199 834.0852565110823 100 15641 1-5
1654057006.8815048 0.8340797424316406 990.869287378401 912.4772719447417 500 15641 1-6
1654057008.5058737 1.3597862720489502 625.7336299754688 769.1054509601053 500 15641 2-7
1654057010.6313477 1.213602066040039 693.0508966126389 731.0781737863721 500 15641 2-8
1654057012.5878408 0.36778879165649414 963.400756189802 847.2394649880871 100 15641 2-9
1654057013.6822312 0.9426107406616211 980.6126326878112 913.9260488379491 500 15641 2-10
1654057015.3556216 1.4421014785766602 595.1703210561365 754.5481849470427 500 15641 2-11
1654057017.5664861 2.018371820449829 813.0276014427692 783.787893194906 500 15641 2-12
1654057020.440984 1.184208869934082 743.1797061687174 763.4837996818117 500 15641 3-13
1654057022.429993 1.4850492477416992 559.5181447777305 661.5009722297712 500 15641 3-14
1654057024.594531 0.30071067810058594 974.3318789032024 817.9164255664869 100 15641 3-15
1654057025.6541898 0.5207488536834717 838.9303152754422 828.4233704209646 500 15641 3-16
1654057026.877166 0.47787976264953613 948.5398533865703 888.4816119037674 500 15641 3-17
1654057028.065878 0.49907898902893066 985.7036878214141 937.0926498625907 500 15641 3-18
1654057029.25911 0.835857629776001 479.325647966351 708.2091489144709 500 15641 4-19
1654057030.8588252 0.35616469383239746 947.8985588584763 828.0538538864737 100 15641 4-20
1654057031.920804 0.6841192245483398 665.1939949508678 746.6239244186708 500 15641 4-21
1654057033.321064 0.25988030433654785 1004.1545882678895 875.3892563432801 100 15641 4-22
1654057034.3075268 1.1674489974975586 970.8826701890849 923.1359632661824 500 15641 4-23
1654057036.5309782 0.7341742515563965 1475.0176783022391 1199.0768207842107 500 15641 4-24
1654057038.0442467 0.5706787109375 2018.9433702673796 1609.0100955257951 500 15641 5-25
1654057039.4296436 1.12538743019104 1436.6465775484476 1522.8283365371212 1000 15641 5-26
1654057041.3081052 0.9174060821533203 1536.4973346278991 1529.66283558251 1000 15641 5-27
1654057043.0868556 0.7483828067779541 1847.2578304570484 1688.4603330197792 1000 15641 5-28
1654057044.6390207 0.7765870094299316 2060.832824353855 1874.646578686817 1000 15641 5-29
1654057046.2440128 0.7314286231994629 2010.4107952020872 1942.5286869444521 1000 15641 5-30
1654057047.8095667 1.5260868072509766 1000.8185594312774 1471.673623187865 1000 15641 6-31
1654057050.1090808 0.4763362407684326 2092.2531495656185 1781.9633863767417 500 15641 6-32
1654057051.5924346 0.4631004333496094 2848.850713564362 2315.407049970552 1000 15641 6-33
1654057052.774206 0.20112204551696777 4193.5532120910375 3254.480131030795 1000 15641 6-34
1654057053.7933292 0.3819770812988281 2236.5739774100443 2745.52705422042 1000 15641 6-35
1654057054.9176333 0.24768447875976562 3559.948545888586 3152.737800054503 1000 15641 6-36
1654057055.9716868 0.34359002113342285 2532.2737753845795 2842.5057877195413 1000 15641 7-37
1654057057.0901299 0.19524216651916504 4427.2403621128215 3634.8730749161814 1000 15641 7-38
1654057058.0810578 0.3543670177459717 2508.788785296332 3071.830930106257 1000 15641 7-39
1654057059.1948 0.24082112312316895 3542.7124869094137 3307.2717085078352 1000 15641 7-40
1654057060.2666235 0.359356164932251 2457.172260190586 2882.2219843492103 1000 15641 7-41
1654057061.4257717 0.24023818969726562 3645.9815198564556 3264.101752102833 1000 15641 7-42
1654057062.4424846 0.35285139083862305 2563.708188452978 2913.9049702779057 1000 15641 8-43
1654057063.5687263 0.2566390037536621 4022.085438699692 3467.9952044887987 1000 15641 8-44
1654057064.787713 0.5076925754547119 2165.3891609806815 2816.69218273474 1000 15641 8-45
1654057065.964208 0.2914462089538574 3893.7408178113146 3355.216500273027 1000 15641 8-46
1654057067.033154 0.4223625659942627 2439.3639090022843 2897.2902046376557 1000 15641 8-47
1654057068.21529 0.39028382301330566 4108.4562194250475 3502.8732120313516 1000 15641 8-48
1654057069.3425484 0.7630338668823242 2307.4100330484102 2905.1416225398807 1000 15641 9-49
1654057070.8361876 0.3389310836791992 3736.641638920075 3320.891630729978 1000 15641 9-50
1654057071.9736805 0.25196123123168945 4352.542629828483 3836.7171302792303 1000 15641 9-51
1654057072.9796984 0.34545040130615234 3711.2592579210504 3773.9881941001404 1000 15641 9-52
1654057074.1222937 0.30302882194519043 4299.181812598791 4036.5850033494658 1000 15641 9-53
1654057075.149152 0.4862828254699707 2974.433651038577 3505.5093271940214 1000 15641 9-54
1654057076.3631787 0.4120490550994873 3879.4215888058447 3692.4654579999333 1000 15641 10-55
1654057077.5568702 0.2984316349029541 4042.4132662487327 3867.439362124333 1000 15641 10-56
1654057078.6333473 0.1422746181488037 3524.0579558302315 3695.7486589772825 1000 15641 10-57
1654057079.5204744 0.14782476425170898 4352.071882249339 4023.910270613311 1000 15641 10-58
1654057080.461903 0.14348268508911133 3973.887160293116 3998.8987154532133 1000 15641 10-59
1654057081.363591 0.14262652397155762 3727.60960020327 3863.2541578282417 1000 15641 10-60
1654057082.3241498 0.21099090576171875 3330.873420647261 3597.0637892377513 1000 15641 11-61
1654057083.2376156 0.1481003761291504 4406.849037512597 4001.9564133751737 1000 15641 11-62
1654057084.1365724 0.19887804985046387 4019.3877635115778 4010.6720884433757 1000 15641 11-63
1654057085.190544 0.30476832389831543 3766.0081773555476 3888.3401328994614 1000 15641 11-64
1654057086.2556818 0.5897228717803955 2079.6344498178073 2983.987291358634 1000 15641 11-65
1654057087.62256 1.1627376079559326 1341.3654029320005 2162.6763471453173 1000 15641 11-66
1654057089.5953155 0.9397695064544678 1432.5810645625886 1797.6287058539529 1000 15641 12-67
1654057091.2939522 0.4714696407318115 2104.7378542968927 1951.1832800754228 1000 15641 12-68
1654057092.4918673 0.8635046482086182 1234.4392149033038 1592.8112474893633 1000 15641 12-69
1654057094.0760372 0.32917189598083496 2154.448811271817 1873.63002938059 1000 15641 12-70
1654057095.1520736 0.5330500602722168 1313.1674718178133 1593.3987505992018 1000 15641 12-71
1654057096.3784304 0.4268825054168701 2134.151642289337 1863.7751964442693 1000 15641 12-72
1654057097.5279706 0.6774451732635498 1438.9592523095039 1651.3672243768865 1000 15641 13-73
1654057098.9505928 0.7946641445159912 1656.780426153361 1654.0738252651238 1000 15641 13-74
1654057100.5192912 0.7961137294769287 2054.7315533356914 1854.4026893004075 1000 15641 13-75
1654057102.203909 1.2115089893341064 1868.1957954303084 1861.299242365358 1000 15641 13-76
1654057104.206143 1.6991393566131592 1407.3713204822368 1634.3352814237974 1000 15641 13-77
1654057106.8748693 1.6612005233764648 1441.2131264766244 1537.774203950211 1000 15641 13-78
1654057109.310397 1.484999656677246 1440.7383802277902 1489.2562920890005 1000 15641 14-79
1654057111.5451636 1.0506231784820557 1274.413155375544 1381.8347237322723 500 15641 14-80
1654057113.3293307 0.31654834747314453 1846.7194811357988 1614.2771024340354 500 15641 14-81
1654057114.3841991 0.5808992385864258 1653.2850040172907 1633.781053225663 1000 15641 14-82
1654057115.6818068 0.37351036071777344 2011.7674876702395 1822.7742704479513 1000 15641 14-83
1654057116.843396 0.32225465774536133 1933.700522312993 1878.237396380472 1000 15641 15-84
1654057117.9504476 0.5745871067047119 1133.0431755312152 1505.6402859558436 1000 15641 15-85
1654057119.2857938 0.459564208984375 1717.8535329039114 1611.7469094298776 1000 15641 15-86
1654057120.5021458 0.873089075088501 983.5605833379074 1297.6537463838924 1000 15641 15-87
1654057122.1061919 0.278994083404541 1524.964238697096 1411.3089925404943 500 15641 15-88
1654057123.1409833 0.41422486305236816 1042.9311191428496 1227.120055841672 500 15641 15-89
1654057124.2844882 0.39084887504577637 1789.3360954872664 1508.228075664469 500 15641 16-90
1654057125.4348814 0.7203993797302246 1290.8062196669684 1399.5171476657188 1000 15641 16-91
1654057126.9293294 0.3258399963378906 1595.3105998103424 1497.4138737380306 500 15641 16-92
1654057127.9665504 0.3288290500640869 1593.4115306962178 1545.4127022171242 500 15641 16-93
1654057129.0119872 0.62388014793396 1196.8580864013013 1371.1353943092126 1000 15641 16-94
1654057130.3359392 0.35106444358825684 1686.3228698099997 1528.7291320596062 500 15641 16-95
1654057131.487628 0.7776877880096436 1495.5307488839953 1512.1299404718006 1000 15641 17-96
1654057139.7556198 1.0597991943359375 1045.1187412857246 1278.6243408787627 1000 15641 17-97
1654057141.576618 0.3887500762939453 1538.8807269266056 1408.7525339026843 500 15641 17-98
1654057142.7387679 0.3693382740020752 1594.5274060513182 1501.6399699770013 500 15641 17-99
1654057143.8321626 1.5432026386260986 1020.7706755882936 1261.2053227826475 1000 15641 17-100
1654057146.1186054 0.6167328357696533 1186.7958985621037 1224.0006106723756 500 15641 17-101
1654057147.436132 0.90938401222229 1148.8831846150981 1186.4418976437369 500 15641 18-102
1654057149.0789723 1.066329002380371 798.1776713378712 992.3097844908041 500 15641 18-103
1654057150.8811672 1.314253330230713 740.1312803439822 866.2205324173931 500 15641 18-104
1654057153.0174696 0.48784399032592773 1106.6816660779232 986.4510992476581 500 15641 18-105
1654057154.245373 0.630230188369751 1083.3628927966006 1034.9069960221293 500 15641 18-106
1654057155.7531228 0.5924267768859863 933.4216844597875 984.1643402409584 500 15641 18-107
1654057157.1177943 0.6575500965118408 916.2495803681337 950.2069603045461 500 15641 19-108
1654057158.5411186 0.5341939926147461 1131.2594457343928 1040.7332030194693 500 15641 19-109
1654057159.7468622 1.1387453079223633 543.1802842099357 791.9567436147025 500 15641 19-110
1654057161.6247077 0.5414049625396729 1147.1191491978439 969.5379464062732 500 15641 19-111
1654057162.8880243 1.0075979232788086 707.3138833800423 838.4259148931578 500 15641 19-112
1654057164.639095 1.3563706874847412 797.2156947782496 817.8208048357037 500 15641 19-113
1654057166.719063 0.7569265365600586 1144.4386716005517 981.1297382181277 500 15641 20-114
1654057168.2912614 1.4345109462738037 593.5402599831305 787.3349991006291 500 15641 20-115
1654057170.407767 0.8982205390930176 1118.5315368255644 952.9332679630968 500 15641 20-116
1654057172.0472786 0.7984113693237305 1138.8615379690514 1045.897402966074 500 15641 20-117
1654057173.611229 2.2544193267822266 639.2954420139343 842.5964224900042 500 15641 20-118
1654057176.6164763 1.3191380500793457 758.1435467954583 800.3699846427312 500 15641 21-119
1654057178.678464 0.5270709991455078 1077.6688547100098 939.0194196763705 500 15641 21-120
1654057179.933863 0.7318038940429688 1127.3184069058268 1033.1689132910988 500 15641 21-121
1654057181.3653214 1.1104114055633545 643.2138542720053 838.1913837815521 500 15641 21-122
1654057183.1577733 0.5781087875366211 928.3650613354537 883.2782225585029 500 15641 21-123
1654057184.4374404 0.6284070014953613 894.4521602440311 888.865191401267 500 15641 21-124
1654057185.8601358 1.0472381114959717 569.8952257834209 729.3802085923439 500 15641 22-125
1654057187.7027233 0.31297922134399414 960.4727071309409 844.9264578616423 100 15641 22-126
1654057188.778681 1.0170321464538574 916.9739651315059 880.9502114965742 500 15641 22-127
1654057190.5859902 0.859466552734375 934.8961835031779 907.9231974998761 500 15641 22-128
1654057192.1275496 1.1781995296478271 527.4217009624368 717.6724492311564 500 15641 22-129
1654057194.0715282 0.31426286697387695 883.1587475559777 800.415598393567 100 15641 22-130
1654057195.1267312 0.7388360500335693 908.0228285686902 854.2192134811287 500 15641 23-131
1654057196.5855088 0.6801183223724365 959.9976629396875 907.1084382104082 500 15641 23-132
1654057198.012953 1.0128047466278076 641.5056822781297 774.307060244269 500 15641 23-133
1654057199.7054377 0.751091480255127 940.6044650646636 857.4557626544663 500 15641 23-134
1654057201.1475587 0.8479702472686768 909.0507626687511 883.2532626616087 500 15641 23-135
1654057202.715664 1.3301045894622803 559.745456032887 721.4993593472478 500 15641 23-136
1654057204.75788 0.3175957202911377 915.8309807618538 818.6651700545508 100 15641 24-137
1654057206.0218372 0.8414397239685059 940.9396507522554 879.8024104034031 500 15641 24-138
1654057207.6320271 0.9836280345916748 804.9221577226293 842.3622840630162 500 15641 24-139
1654057209.8848865 1.5807230472564697 538.6598249945363 690.5110545287762 500 15641 24-140
1654057212.202959 0.4426767826080322 677.2435595870354 683.8773070579058 100 15641 24-141
1654057213.3460457 0.3995976448059082 742.0464155739083 712.9618613159071 100 15641 24-142
1654057214.5246367 0.8809924125671387 413.5427215977701 563.2522914568385 100 15641 25-143
1654057216.0532138 0.5026533603668213 687.3603704705398 625.3063309636891 100 15641 25-144
1654057217.345531 0.5400683879852295 573.0977907347262 599.2020608492077 100 15641 25-145
1654057218.6169991 0.4485149383544922 626.5833665006741 612.8927136749409 100 15641 25-146
1654057219.920737 0.44504523277282715 663.7347807538083 638.3137472143746 100 15641 25-147
1654057221.049589 0.8152084350585938 353.8825012026092 496.0981242084919 100 15641 25-148
1654057222.5888724 0.5139694213867188 431.9945715854944 464.04634789699315 100 15641 26-149
1654057228.29648 0.3984086513519287 773.1759813817325 618.6111646393629 100 15641 26-150
1654057233.9054627 0.49929094314575195 699.5680670659323 659.0896158526475 100 15641 26-151
1654057239.1889048 0.7358310222625732 503.4199276635219 581.2547717580846 100 15641 26-152
1654057241.4431627 0.4617643356323242 730.8143439399416 656.0345578490131 100 15641 26-153
1654057243.5271616 1.008009672164917 340.8300629319669 498.43231039049 100 15641 26-154
1654057246.036008 0.39882421493530273 714.6206005726959 606.526455481593 100 15641 27-155
1654057247.9088516 0.7624740600585938 343.7966138544512 475.1615346680221 100 15641 27-156
1654057250.143569 0.3513457775115967 755.4950621008638 615.328298384443 100 15641 27-157
1654057251.9617655 0.35039234161376953 760.9070414383813 688.1176699114121 100 15641 27-158
1654057253.7946703 0.7707252502441406 395.7415433105162 541.9296066109641 100 15641 27-159
1654057256.00874 0.3966391086578369 717.4279938327447 629.6788002218544 100 15641 27-160
1654057257.874977 0.9706931114196777 575.8936510659033 602.7862256438789 100 15641 28-161
1654057260.2875218 0.5879583358764648 574.5985376606399 588.6923816522594 100 15641 28-162
1654057262.3878078 0.8075485229492188 410.04099517227695 499.3666884122682 100 15641 28-163
1654057264.6618383 0.5735597610473633 543.3296077656084 521.3481480889384 100 15641 28-164
1654057266.771212 0.44406604766845703 700.8506992013091 611.0994236451238 100 15641 28-165
1654057268.838737 0.7266767024993896 457.46891135577476 534.2841675004493 100 15641 29-166
1654057271.0948598 0.4004220962524414 697.8236281542277 616.0538978273385 100 15641 29-167
1654057272.8826325 1.243561029434204 288.39758685842236 452.2257423428804 100 15641 29-168
1654057275.6052082 0.7899703979492188 371.09238619703893 411.6590642699597 100 15641 29-169
1654057277.9323704 0.9429280757904053 326.74390328418195 369.20148377707085 100 15641 29-170
1654057280.3756404 0.7897367477416992 366.5626562621136 367.8820700195922 100 15641 29-171
1654057282.6628277 0.5601482391357422 423.3736418879117 395.6278559537519 100 15641 30-172
1654057284.3645425 0.49869394302368164 543.1948869431852 469.41137144846857 100 15641 30-173
1654057285.6593044 0.5000731945037842 537.4253268397619 503.4183491441152 100 15641 30-174
1654057286.962803 1.1015849113464355 261.5794724782496 382.49891081118244 100 15641 30-175
1654057288.9643095 0.36948204040527344 538.3319843687892 460.41544758998583 100 15641 30-176
1654057290.0547438 1.039780855178833 395.0601686442382 427.737808117112 100 15641 30-177
1654057291.828606 3.0790371894836426 190.0178412908735 308.87782470399276 100 15641 31-178
1654057295.5597932 3.5534346103668213 86.44481570136173 197.66132020267725 100 15641 31-179
1654057299.853035 4.836544990539551 52.35142038278729 125.00637029273227 100 15641 31-180
1654057303.8033621 4.956971645355225 51.07957400507892 88.04297214890559 100 15641 31-180
1654057309.431974 4.380601406097412 54.58428599944681 71.3136290741762 10 15641 31-181
1654057313.4753573 4.521907567977905 52.87856870257202 62.096098888374115 10 15641 31-181
1654057318.6848066 4.194521903991699 56.946656965287524 59.52137792683082 10 15641 31-182
1654057322.6927524 4.510056495666504 52.96252945600857 56.241953691419695 10 15641 31-182
1654057327.8566012 4.180625915527344 58.86008577951431 57.551019735467 10 15641 32-183
1654057331.8978355 4.482346534729004 54.89803121946196 56.22452547746448 10 15641 32-183
1654057337.046921 4.18085241317749 58.67128895219062 57.44790721482755 10 15641 32-184
1654057341.0756156 4.854074478149414 50.534041268669945 53.990974241748745 10 15641 32-184
1654057346.6246216 3.700457811355591 64.63200290138842 59.31148857156858 10 15641 32-185
1654057350.655754 4.445845365524292 53.79584316059433 56.55366586608146 10 15641 32-185
1654057355.8622413 3.219167470932007 64.85403505259563 60.70385045933855 10 15641 32-186
1654057360.4766822 4.1267523765563965 48.89074545547614 54.797297957407345 10 15641 32-187
1654057364.4716728 2.7038917541503906 74.61837171932072 64.70783483836404 10 15641 32-187
1654057367.8546386 2.8952009677886963 72.81567060300397 68.761752720684 10 15641 32-188
1654057371.459128 4.110472679138184 47.37168087462527 58.066716797654635 10 15641 33-189
1654057375.5330706 4.258394002914429 45.72615870366489 51.896437750659764 10 15641 33-189
1654057381.3145895 0.7233965396881104 306.78609562562104 179.3412666881404 10 15641 33-190
1654057383.5674286 1.7124977111816406 150.08720789626682 164.71423729220362 100 15641 33-191
1654057386.8059552 1.0232925415039062 217.54091911276794 191.12757820248578 100 15641 33-192
1654057389.3376284 2.2902092933654785 188.3635706350953 189.74557441879054 100 15641 33-193
1654057393.0457125 1.5091924667358398 223.35653498792735 206.55105470335894 100 15641 33-194
1654057396.108554 1.0156962871551514 335.2340697765965 270.89256223997774 100 15641 34-195
1654057398.6277976 1.8467636108398438 352.859454331382 311.87600828567986 100 15641 34-196
1654057401.976689 0.5396153926849365 538.7540903039838 425.31504929483185 100 15641 34-197
1654057404.0561874 0.8890748023986816 313.0625221286923 369.1887857117621 100 15641 34-198
1654057406.521944 0.8947386741638184 293.95845691570526 331.57362131373367 100 15641 34-199
1654057408.5278132 1.027839183807373 304.90372904360174 318.2386751786677 100 15641 35-200
1654057410.2674236 0.6612184047698975 474.856715625249 396.5476954019583 100 15641 35-201
1654057411.645391 0.9399664402008057 294.9722332009725 345.7599643014654 100 15641 35-202
1654057413.308872 0.5464584827423096 513.5907097490285 429.67533702524696 100 15641 35-203
1654057414.580359 0.5950055122375488 523.0203646848856 476.3478508550663 100 15641 35-204
1654057415.982343 0.9191389083862305 287.54739636039915 381.94762360773274 100 15641 35-205
1654057417.5978682 0.6591520309448242 529.6623291891588 455.8049763984458 100 15641 36-206
1654057418.9471579 0.8195018768310547 301.50022469190395 378.6526005451749 100 15641 36-207
1654057420.4792583 0.4991471767425537 522.6354313019596 450.6440159235672 100 15641 36-208
1654057421.7889366 0.9021124839782715 435.27166176480694 442.9578388441871 100 15641 36-209
1654057424.2355793 1.5298027992248535 268.6882258342531 355.8230323392201 100 15641 36-210
1654057427.2308843 1.1107487678527832 382.94168070270183 369.38235652096097 100 15641 36-211
1654057429.8362586 1.239090919494629 342.5995569180185 355.99095671948976 100 15641 37-212
1654057432.6219175 1.3833496570587158 340.21767208203664 348.1043144007632 100 15641 37-213
1654057435.4880216 0.8542525768280029 391.6218798452133 369.8630971229883 100 15641 37-214
1654057437.8910515 0.4663536548614502 546.8639461521276 458.36352163755794 100 15641 37-215
1654057439.9236958 0.7898404598236084 359.1611400400443 408.7623308388011 100 15641 37-216
1654057442.131626 0.623816967010498 474.1903725664806 441.47635170264084 100 15641 37-217
1654057444.2751021 0.36022448539733887 863.7280712797946 652.6022114912178 100 15641 38-218
1654057446.087528 0.5278451442718506 547.0695394922091 599.8358754917134 100 15641 38-219
1654057448.0892348 0.2688717842102051 998.1560571271492 798.9959663094313 100 15641 38-220
1654057449.9111812 0.9240658283233643 503.73034661889 651.3631564641606 500 15641 38-221
1654057452.4087126 0.16924738883972168 1468.572139895052 1059.9676481796064 100 15641 38-222
1654057454.0767572 0.758655309677124 622.279965589273 841.1238068844398 500 15641 38-223
1654057456.3392642 1.4059946537017822 843.0928217821127 842.1083143332762 500 15641 39-224
1654057459.4347103 1.0605168342590332 877.9040274740171 860.0061709036466 500 15641 39-225
1654057462.0917153 1.1837880611419678 1108.6579119018554 984.332041402751 500 15641 39-226
1654057464.8579493 1.1275286674499512 689.6143951342278 836.9732182684894 500 15641 39-227
1654057467.4650486 0.31048583984375 1620.3508677019854 1228.6620429852373 500 15641 39-228
1654057469.295704 0.46002793312072754 1467.928252571525 1348.2951477783813 500 15641 40-229
1654057471.2068655 0.5985217094421387 1332.0686408235879 1340.1818943009846 500 15641 40-230
1654057473.256099 0.7194263935089111 899.8057422423184 1119.9938182716514 500 15641 40-231
1654057475.5098867 0.44545626640319824 1310.799833875247 1215.3968260734491 500 15641 40-232
1654057477.4572985 0.3880198001861572 1640.2668103397107 1427.83181820658 500 15641 40-233
1654057479.315801 0.5096914768218994 1083.290627975195 1255.5612230908876 500 15641 40-234
1654057481.3060162 0.46942710876464844 997.0962291286594 1126.3287261097735 500 15641 41-235
1654057483.2808328 0.4144706726074219 1116.2768093804937 1121.3027677451337 500 15641 41-236
1654057485.3320022 0.5934453010559082 846.9727523424224 984.137760043778 500 15641 41-237
1654057487.3899174 0.4255199432373047 1086.3885637956926 1035.2631619197352 500 15641 41-238
1654057489.2589564 0.4064009189605713 1152.7926688705472 1094.0279153951412 500 15641 41-239
1654057491.106645 0.5589127540588379 878.0619093697345 986.0449123824378 500 15641 41-240
1654057493.0974526 0.3781607151031494 1779.7723907318546 1382.9086515571462 500 15641 42-241
1654057494.9651773 0.22025036811828613 1974.2986298504975 1678.6036407038218 500 15641 42-242
1654057496.7659788 1.539703607559204 1572.4688752519555 1625.5362579778887 1000 15641 42-243
1654057500.0153618 1.8401906490325928 1642.6428433320777 1634.0895506549832 1000 15641 42-244
1654057503.631347 1.6943235397338867 1356.5390234506174 1495.3142870528004 1000 15641 42-245
1654057506.966467 0.7888691425323486 957.0155039611552 1226.1648955069777 500 15641 42-246
1654057509.248128 0.48747849464416504 1909.811428049924 1567.9881617784508 500 15641 43-247
1654057511.3821824 0.4110829830169678 3912.9228560979045 2740.4555089381774 1000 15641 43-248
1654057527.1866927 0.29903674125671387 4318.318861331584 3529.387185134881 1000 15641 1-1
1654057528.3549669 0.4907209873199463 3896.715342140564 3713.0512636377225 1000 15641 1-2
1654057529.6995556 0.26613497734069824 4129.273089095553 3921.1621763666376 1000 15641 1-3
1654057530.798206 0.29754137992858887 4004.632902778011 3962.8975395723246 1000 15641 1-4
1654057531.8467338 0.3516252040863037 3891.3251499007 3927.1113447365124 1000 15641 1-5
1654057532.9898987 0.34587907791137695 3998.6460249393062 3962.8786848379095 1000 15641 1-6
1654057534.102443 0.3434281349182129 4119.87212502829 4041.3754049330996 1000 15641 2-7
1654057535.287742 0.3401179313659668 4295.851130612285 4168.613267772692 1000 15641 2-8
1654057536.3958151 0.39013004302978516 4126.747039261173 4147.6801535169325 1000 15641 2-9
1654057537.6281836 0.3974614143371582 4054.7734745212274 4101.22681401908 1000 15641 2-10
1654057538.7566729 0.38884854316711426 3818.720748972531 3959.9737814958053 1000 15641 2-11
1654057539.875044 0.7008485794067383 3987.0523849322285 3973.5130832140167 1000 15641 2-12
1654057541.3673854 0.3984522819519043 3993.7329313427836 3983.6230072784 1000 15641 3-13
1654057542.5262842 0.3393723964691162 4270.683223147452 4127.153115212926 1000 15641 3-14
1654057543.620065 0.3054502010345459 3954.2419546923043 4040.6975349526156 1000 15641 3-15
1654057544.7135124 0.15207529067993164 4018.9040393572154 4029.8007871549153 1000 15641 3-16
1654057545.6129436 0.15284371376037598 4285.684925367314 4157.742856261115 1000 15641 3-17
1654057546.5012379 0.3944840431213379 1832.7737524673846 2995.25830436425 1000 15641 3-18
1654057547.6159294 0.1396937370300293 4066.0949594175295 3530.6766318908894 1000 15641 4-19
1654057548.4947188 0.29085683822631836 3979.4422818396283 3755.0594568652587 1000 15641 4-20
1654057549.4883454 0.16086673736572266 4096.956342824622 3926.0078998449403 1000 15641 4-21
1654057550.3702493 0.1155707836151123 4579.842616302793 4252.925258073867 1000 15641 4-22
1654057551.2962976 0.5014994144439697 4204.479485460253 4228.70237176706 1000 15641 4-23
1654057561.9176524 0.687518835067749 3128.443746254677 3678.5730590108687 1000 15641 4-24
1654057563.4024973 0.6125812530517578 3550.562458717996 3614.567758864432 1000 15641 5-25
1654057564.7567441 0.3985443115234375 4056.723313449979 3835.6455361572052 1000 15641 5-26
1654057565.918702 0.576636791229248 2444.5058335509534 3140.0756848540796 1000 15641 5-27
1654057567.2439463 0.3514668941497803 3933.38895643143 3536.7323206427545 1000 15641 5-28
1654057568.3808389 0.6544232368469238 2445.536634229193 2991.134477435974 1000 15641 5-29
1654057569.7567694 0.3584325313568115 4102.507086713561 3546.8207820747675 1000 15641 5-30
1654057571.0348673 0.7702903747558594 1982.8055108232184 2764.813146448993 1000 15641 6-31
1654057572.5883698 0.397097110748291 4253.871293137506 3509.3422197932496 1000 15641 6-32
1654057573.78143 0.6544528007507324 2015.8886912648352 2762.6154555290423 1000 15641 6-33
1654057575.2402751 0.19504117965698242 4324.2970611811825 3543.4562583551124 1000 15641 6-34
1654057576.3764095 0.201401948928833 4241.865605292036 3892.660931823574 1000 15641 6-35
