1654056998.8162796 0.44844985008239746 474.39864225823857 237.19932112911928 10 15640 1-1
1654057000.2402644 0.4453282356262207 826.1232290439984 531.6612750865588 100 15640 1-2
1654057002.2517338 0.5842018127441406 530.6933207613699 531.1772979239644 100 15640 1-3
1654057004.33313 0.4826803207397461 695.3007727467613 613.2390353353628 100 15640 1-4
1654057006.2962718 0.34949374198913574 1016.9452476520977 815.0921414937302 100 15640 1-5
1654057008.1856635 1.2901027202606201 640.6187561817108 727.8554488377205 500 15640 1-6
1654057011.0189471 0.7069492340087891 495.8545580595988 611.8550034486597 100 15640 2-7
1654057013.2064219 0.348529577255249 975.0908450191847 793.4729242339222 100 15640 2-8
1654057015.0588272 1.4661884307861328 618.0324308753032 705.7526775546128 500 15640 2-9
1654057018.0750535 0.7399773597717285 504.696522222258 605.2245998884354 100 15640 2-10
1654057020.390995 0.6443591117858887 574.9216441950421 590.0731220417388 100 15640 2-11
1654057022.483355 1.3315691947937012 499.9094321216486 544.9912770816936 100 15640 2-12
1654057025.384328 0.37519311904907227 890.1016117950732 717.5464444383833 100 15640 3-13
1654057027.3327062 0.37212634086608887 878.9917941275401 798.2691192829617 100 15640 3-14
1654057029.2070475 1.11808443069458 655.2349535400352 726.7520364114985 500 15640 3-15
1654057031.861136 0.45238566398620605 602.9015101776444 664.8267732945715 100 15640 3-16
1654057033.8799045 0.26008176803588867 1040.3805004996048 852.6036368970881 100 15640 3-17
1654057035.6962388 0.4992377758026123 985.3901764727514 918.9969066849197 500 15640 3-18
1654057037.8134227 0.21171021461486816 1892.435850243869 1405.7163784643944 500 15640 4-19
1654057039.4791474 0.7256219387054443 997.841935831987 1201.7791571481907 500 15640 4-20
1654057041.6570914 0.46824145317077637 971.8746533832125 1086.8269052657015 500 15640 4-21
1654057043.6697688 0.2655339241027832 1461.4479159724528 1274.1374106190772 500 15640 4-22
1654057045.53617 0.5393080711364746 2101.685586888191 1687.911498753634 500 15640 4-23
1654057047.7577581 1.797973871231079 1196.270999493055 1442.0912491233444 1000 15640 4-24
1654057051.784305 0.43097853660583496 2673.376751134481 2057.7340001289126 500 15640 5-25
1654057053.8410568 0.5546159744262695 2915.141421363684 2486.4377107462983 1000 15640 5-26
1654057056.021601 0.5138952732086182 2742.955760614225 2614.6967356802616 1000 15640 5-27
1654057058.1361153 0.48486900329589844 2851.194839436531 2732.945787558396 1000 15640 5-28
1654057060.315564 0.5797529220581055 2760.5139001603843 2746.7298438593903 1000 15640 5-29
1654057062.538177 0.4871680736541748 3018.407977703074 2882.5689107812323 1000 15640 5-30
1654057064.8310087 0.6044869422912598 2526.6649999266388 2704.6169553539357 1000 15640 6-31
1654057067.0981388 0.6273696422576904 2692.5115374106126 2698.564246382274 1000 15640 6-32
1654057069.3943787 0.6610519886016846 1995.7643615757183 2347.164303978996 1000 15640 6-33
1654057071.7088919 0.1964128017425537 4294.098920830526 3320.631612404761 1000 15640 6-34
1654057073.3880339 0.19730639457702637 4329.915418258187 3825.2735153314743 1000 15640 6-35
1654057075.0552554 0.3099803924560547 2844.5153998732453 3334.8944576023596 1000 15640 6-36
1654057080.160936 0.19551944732666016 4450.012578781271 3892.4535181918154 1000 15640 7-37
1654057081.985245 0.1912994384765625 4518.486864800191 4205.470191496003 1000 15640 7-38
1654057083.83353 0.2117769718170166 4197.9635102543525 4201.716850875178 1000 15640 7-39
1654057085.6776397 0.19760656356811523 4317.46792512747 4259.592388001324 1000 15640 7-40
1654057087.57862 0.8065249919891357 1094.820382220585 2677.2063851109547 1000 15640 7-41
1654057089.9481373 0.7572948932647705 1156.6220871025478 1916.914236106751 1000 15640 7-42
1654057092.3952565 0.7598483562469482 1190.5112284088502 1553.7127322578008 1000 15640 8-43
1654057094.8552494 0.7100558280944824 1453.7223119062248 1503.7175220820127 1000 15640 8-44
1654057097.1683679 0.707416296005249 1554.0382745039885 1528.8778982930007 1000 15640 8-45
1654057099.4235861 0.7417638301849365 1529.8885626669985 1529.3832304799996 1000 15640 8-46
1654057101.7762237 0.5591857433319092 1842.4933258508695 1685.9382781654344 1000 15640 8-47
1654057103.915878 1.2294087409973145 1304.2562221407718 1495.0972501531032 1000 15640 8-48
1654057106.9326084 1.0032918453216553 986.1298131879125 1240.6135316705079 500 15640 9-49
1654057109.5373409 0.7777910232543945 949.8592525647612 1095.2363921176345 500 15640 9-50
1654057111.8477404 0.6877584457397461 949.4030993653342 1022.3197457414844 500 15640 9-51
1654057114.0417078 0.4733288288116455 1673.880718377462 1348.1002320594732 500 15640 9-52
1654057116.0754366 0.40967702865600586 1890.6210156351297 1619.3606238473014 500 15640 9-53
1654057118.003723 1.0515096187591553 1375.5613588269957 1497.4609913371487 1000 15640 9-54
1654057120.6155508 0.919588565826416 1017.9160928983255 1257.6885421177371 500 15640 10-55
1654057123.1904094 0.6748507022857666 1191.7658191299224 1224.7271806238298 500 15640 10-56
1654057125.3879335 0.36740803718566895 1028.1538827880995 1126.4405317059645 500 15640 10-57
1654057127.1888363 0.3163106441497803 1431.0741935881656 1278.757362647065 500 15640 10-58
1654057128.968779 0.39026832580566406 1047.7919240712956 1163.2746433591803 500 15640 10-59
1654057130.906213 0.2394561767578125 1587.7644300006373 1375.519536679909 500 15640 10-60
1654057132.7037642 0.3019716739654541 1523.8250460956874 1449.6722913877982 500 15640 11-61
1654057134.517596 0.2976078987121582 1454.6925732596947 1452.1824323237465 500 15640 11-62
1654057136.3581948 0.3474764823913574 1487.9855938499625 1470.0840130868546 500 15640 11-63
1654057138.2580497 0.5173947811126709 1483.0454964193075 1476.5647547530812 500 15640 11-64
1654057139.5673513 0.8080754280090332 982.0568383761433 1229.3107965646122 500 15640 11-65
1654057141.9697776 0.585702657699585 1533.3514167877343 1381.3311066761732 500 15640 11-66
1654057144.234374 1.0270295143127441 753.224702132984 1067.2779044045787 500 15640 12-67
1654057146.7361522 0.5592844486236572 1082.9408925824737 1075.1093984935262 500 15640 12-68
1654057148.792178 0.8432607650756836 766.5007394740919 920.8050689838091 500 15640 12-69
1654057151.1545002 0.8808891773223877 546.0028484649839 733.4039587243965 500 15640 12-70
1654057153.5599236 0.20362091064453125 1208.4024141781258 970.9031864512611 100 15640 12-71
1654057155.3260088 0.6200063228607178 992.5189103889836 981.7110484201223 500 15640 12-72
1654057157.5096164 0.6756198406219482 918.0665852397261 949.8888168299243 500 15640 13-73
1654057159.6520996 1.2335429191589355 627.9084318591132 788.8986243445188 500 15640 13-74
1654057162.4169455 1.1588773727416992 812.4690516412916 800.6838379929052 500 15640 13-75
1654057165.1777194 1.4878652095794678 798.9110790055827 799.7974584992439 500 15640 13-76
1654057168.3474627 1.755019187927246 685.4033324961379 742.6003954976909 500 15640 13-77
1654057171.6969817 0.35854148864746094 1060.3180162890535 901.4592058933722 100 15640 13-78
1654057173.559547 1.9260742664337158 581.9381004842335 741.6986531888028 500 15640 14-79
1654057177.0625823 0.9332351684570312 597.9371747451378 669.8179139669703 100 15640 14-80
1654057179.5414271 0.2640566825866699 1184.0185104854568 926.9182122262135 100 15640 14-81
1654057181.3179588 0.9378864765167236 626.5321173863008 776.7251648062572 500 15640 14-82
1654057183.7896705 0.5159626007080078 946.8128103270453 861.7689875666513 500 15640 14-83
1654057185.8145826 0.8439304828643799 502.07926909080743 681.9241283287294 500 15640 15-84
1654057188.1983478 0.23496246337890625 970.6741950189953 826.2991616738623 100 15640 15-85
1654057189.9611847 0.5245630741119385 941.7971343796431 884.0481480267526 500 15640 15-86
1654057192.028225 1.037323236465454 522.4446738960603 703.2464109614065 500 15640 15-87
1654057194.5299947 0.2340989112854004 980.2352293737944 841.7408201676004 100 15640 15-88
1654057198.3792453 0.796440601348877 542.423376292391 692.0820982299957 500 15640 15-89
1654057200.6763375 0.36930060386657715 894.1442189444653 793.1131585872305 100 15640 16-90
1654057202.606938 1.0687286853790283 517.3473937437271 655.2302761654788 500 15640 16-91
1654057205.1897027 0.3185396194458008 885.3153039193086 770.2727900423937 100 15640 16-92
1654057207.098961 0.5966699123382568 878.1404745995688 824.2066323209813 500 15640 16-93
1654057208.418466 0.6387133598327637 776.3607764989224 800.2837044099518 500 15640 16-94
1654057209.837423 1.2181847095489502 485.97556294989056 643.1296336799212 500 15640 16-95
1654057212.5741274 0.5516142845153809 632.9640290347928 638.046831357357 100 15640 17-96
1654057214.6368725 0.8586344718933105 396.033482385334 517.0401568713455 100 15640 17-97
1654057216.9900777 0.4956786632537842 646.5640419061417 581.8020993887436 100 15640 17-98
1654057218.9164512 0.5491418838500977 566.9208799323396 574.3614896605416 100 15640 17-99
1654057220.9434729 0.9313621520996094 408.18493551941214 491.2732125899769 100 15640 17-100
1654057222.6362147 0.6686933040618896 458.5899068186542 474.93155970431553 100 15640 17-101
1654057223.956336 0.5088603496551514 688.849112015799 581.8903358600573 100 15640 18-102
1654057225.2583017 0.4565160274505615 705.1844418208586 643.537388840458 100 15640 18-103
1654057226.4333994 0.4916243553161621 722.9259416398079 683.231665240133 100 15640 18-104
1654057227.6375577 0.3972744941711426 751.5005478086048 717.3661065243689 100 15640 18-105
1654057228.7517579 0.49316859245300293 667.536426767429 692.451266645899 100 15640 18-106
1654057229.8968186 0.3979809284210205 732.4773102986785 712.4642884722887 100 15640 18-107
1654057231.0729654 0.44197869300842285 681.3541122315166 696.9092003519027 100 15640 19-108
1654057232.198633 0.4461667537689209 681.6106252450759 689.2599127984893 100 15640 19-109
1654057233.3763056 0.3985278606414795 748.2538348009359 718.7568737997126 100 15640 19-110
1654057234.5273597 0.4480574131011963 703.0170482389883 710.8869610193505 100 15640 19-111
1654057235.6776693 0.49715328216552734 711.3620943213448 711.1245276703476 100 15640 19-112
1654057236.9482436 0.5465521812438965 712.3199089864536 711.7222183284006 100 15640 19-113
1654057238.2329931 0.44174981117248535 737.3404396834469 724.5313290059237 100 15640 20-114
1654057239.427322 0.7275230884552002 435.8129728545712 580.1721509302474 100 15640 20-115
1654057240.9488087 0.49599742889404297 726.6489280068296 653.4105394685384 100 15640 20-116
1654057242.1854708 0.5012538433074951 712.4853101244238 682.9479247964812 100 15640 20-117
1654057243.4809608 1.2439582347869873 445.21108869449756 564.0795067454894 100 15640 20-118
1654057245.4432814 0.5415022373199463 710.807774137745 637.4436404416172 100 15640 21-119
1654057246.727829 0.3970508575439453 726.2747190215642 681.8591797315908 100 15640 21-120
1654057247.8588424 0.8459525108337402 386.5843481895799 534.2217639605853 100 15640 21-121
1654057249.40783 0.39702701568603516 733.471498146827 633.8466310537062 100 15640 21-122
1654057250.5240753 0.2602252960205078 754.8535941890891 694.3501126213977 100 15640 21-123
1654057251.507424 0.35002779960632324 747.6206184032264 720.985365512312 100 15640 21-124
1654057252.5523863 0.4429347515106201 697.0597790013258 709.0225722568189 100 15640 22-125
1654057253.7310703 0.7247612476348877 414.76831298717144 561.8954426219951 100 15640 22-126
1654057255.146277 0.5491104125976562 696.6759165798286 629.2856796009119 100 15640 22-127
1654057256.433982 0.49153661727905273 721.4274329407359 675.3565562708238 100 15640 22-128
1654057257.6209702 0.5444846153259277 551.7584731391659 613.5575147049949 100 15640 22-129
1654057258.909266 0.3961348533630371 700.630095139963 657.093804922479 100 15640 22-130
1654057260.0247507 0.47066283226013184 605.715982779014 631.4048938507465 100 15640 23-131
1654057261.2167344 0.39899539947509766 717.6624100846843 674.5336519677154 100 15640 23-132
1654057262.3407838 0.6975550651550293 415.5313529772456 545.0325024724805 100 15640 23-133
1654057263.7806299 0.4450538158416748 682.5242008666673 613.7783516695739 100 15640 23-134
1654057264.9244716 0.6208465099334717 507.39755311462784 560.5879523921009 100 15640 23-135
1654057266.2158055 0.40953898429870605 728.7413688126953 644.664660602398 100 15640 23-136
1654057267.4409423 0.4048318862915039 718.4809543153426 681.5728074588703 100 15640 24-137
1654057268.6367812 0.6887173652648926 483.90242036632526 582.7376139125978 100 15640 24-138
1654057270.2473528 0.4979698657989502 692.2667889690741 637.502201440836 100 15640 24-139
1654057271.4260008 0.6592628955841064 532.2186374361743 584.8604194385051 100 15640 24-140
1654057272.839626 1.0801565647125244 277.55235656952146 431.2063880040133 100 15640 24-141
1654057274.608055 0.5977456569671631 496.06383006525 463.6351090346317 100 15640 24-142
1654057275.9125924 0.9646804332733154 377.66703608134424 420.65107255798796 100 15640 25-143
1654057277.596618 0.9500889778137207 363.6543608737047 392.15271671584634 100 15640 25-144
1654057279.293077 0.6423051357269287 481.8768880770506 437.01480239644843 100 15640 25-145
1654057280.61701 0.8775043487548828 320.2628002912632 378.6388013438558 100 15640 25-146
1654057282.2036662 0.6615800857543945 446.4946971055921 412.56674922472394 100 15640 25-147
1654057283.69858 0.5460455417633057 528.322233102401 470.4444911635625 100 15640 25-148
1654057284.9842737 0.40192437171936035 552.4223352024834 511.43341318302294 100 15640 26-149
1654057286.9136703 1.0459539890289307 294.50626244657855 402.9698378148007 100 15640 26-150
1654057289.5985231 0.8535690307617188 409.2088482735813 406.08934304419097 100 15640 26-151
1654057292.0271542 2.413501262664795 153.48324267748615 279.78629286083856 100 15640 26-152
1654057295.8730805 4.996499061584473 67.54009073965173 173.66319180024516 100 15640 26-153
1654057299.932075 7.590294599533081 44.45993440370011 109.06156310197264 100 15640 26-153
1654057309.090553 3.6997082233428955 58.3073007322412 83.68443191710692 10 15640 26-154
1654057313.0653584 4.243313312530518 50.83763184843743 67.26103188277217 10 15640 26-154
1654057318.733793 4.132410049438477 47.4260776775119 57.343554780142036 10 15640 27-155
1654057322.885741 3.983081102371216 49.20411986673493 53.273837323438485 10 15640 27-155
1654057328.335055 3.7239859104156494 49.55120788290095 51.41252260316972 10 15640 27-156
1654057332.3713155 3.787795066833496 48.716468748733256 50.06449567595149 10 15640 27-156
1654057337.6472304 3.76982045173645 53.91025981260925 51.987377744280366 10 15640 27-157
1654057341.7457306 4.099898338317871 49.570009602575446 50.77869367342791 10 15640 27-157
1654057347.3096502 3.7855939865112305 55.281152903791245 53.02992328860958 10 15640 27-158
1654057351.3972619 3.979478120803833 52.58780012031532 52.80886170446245 10 15640 27-158
1654057356.4302351 3.750882863998413 62.54100927852895 57.6749354914957 10 15640 27-159
1654057360.42233 4.251309156417847 55.17923805796812 56.42708677473191 10 15640 27-159
1654057366.1652708 3.339869499206543 61.99284135179193 59.20996406326192 10 15640 27-160
1654057371.068186 6.923053979873657 56.84081059370585 58.02538732848389 10 15640 28-161
1654057375.1656516 6.170428276062012 63.773855297308586 60.89962131289624 10 15640 28-161
1654057382.121015 0.6814398765563965 315.8605878594875 188.38010458619186 10 15640 28-162
1654057383.5232968 1.907116174697876 173.62759772747305 181.00385115683247 100 15640 28-163
1654057386.118379 1.2741107940673828 244.58783447330168 212.7958428150671 100 15640 28-164
1654057388.0840414 1.0029387474060059 310.31207120569195 261.5539570103795 100 15640 28-165
1654057389.7976694 2.0154688358306885 164.94028292081532 213.24711996559742 100 15640 29-166
1654057392.4641035 1.1681337356567383 239.20548775428063 226.22630385993904 100 15640 29-167
1654057394.2874668 1.198042392730713 299.3550162966666 262.79066007830284 100 15640 29-168
1654057396.33789 1.0378010272979736 282.474185599192 272.6324228387474 100 15640 29-169
1654057398.1119199 0.5979125499725342 515.2860564879476 393.9592396633475 100 15640 29-170
1654057399.4388347 1.1066844463348389 261.5813396119714 327.7702896376594 100 15640 29-171
1654057401.3527215 0.4328596591949463 547.8727226303947 437.82150613402706 100 15640 30-172
1654057402.4744124 0.576566219329834 469.8298147173172 453.82566042567214 100 15640 30-173
1654057403.8694134 0.7898929119110107 340.2385259411944 397.0320931834333 100 15640 30-174
1654057405.3747945 0.5407216548919678 532.9026448137548 464.96736899859405 100 15640 30-175
1654057406.568154 0.8081631660461426 246.11861608729077 355.54299254294244 100 15640 30-176
1654057408.1475444 1.1750116348266602 349.5931340804114 352.56806331167695 100 15640 30-177
1654057410.7755156 1.5458507537841797 378.478969310438 365.5235163110575 100 15640 31-178
1654057413.8381176 0.6172211170196533 497.67577863059245 431.59964747082495 100 15640 31-179
1654057416.031134 0.9415388107299805 268.9214688916462 350.2605581812356 100 15640 31-180
1654057418.5258942 1.0790576934814453 363.0278551058177 356.6442066435267 100 15640 31-181
1654057421.1348555 0.8546459674835205 473.93659528126216 415.2904009623944 100 15640 31-182
1654057422.7427511 0.742584228515625 519.2461477006534 467.2682743315239 100 15640 32-183
1654057424.191531 1.399214506149292 277.1440678293144 372.20617108041915 100 15640 32-184
1654057426.2978475 0.7075598239898682 520.165203734448 446.1856874074336 100 15640 32-185
1654057427.746369 1.0190272331237793 365.5878742886823 405.8867808480579 100 15640 32-186
1654057429.4512432 1.1102275848388672 352.8717943509386 379.3792875994983 100 15640 32-187
1654057431.3080006 0.7572870254516602 502.8265204634838 441.10290403149105 100 15640 32-188
1654057432.7866194 1.0107979774475098 248.4927805596479 344.79784229556947 100 15640 33-189
1654057434.6501548 0.4670109748840332 553.1690129212686 448.98342760841905 100 15640 33-190
1654057435.869345 0.7470324039459229 344.0600416292059 396.5217346188125 100 15640 33-191
1654057437.3379931 0.40221214294433594 553.4591729887374 474.9904538037749 100 15640 33-192
1654057438.5356762 0.8494734764099121 507.83457280287405 491.4125133033245 100 15640 33-193
1654057440.1662495 0.9590597152709961 351.47759272189944 421.445053012612 100 15640 33-194
1654057441.895829 0.6494977474212646 524.2450822222083 472.84506761741017 100 15640 34-195
1654057443.2818856 0.6933419704437256 939.8652148274793 706.3551412224448 100 15640 34-196
1654057444.7156193 0.3098769187927246 938.1789425706191 822.267041896532 100 15640 34-197
1654057445.7508717 0.7244389057159424 688.7979042302545 755.5324730633932 500 15640 34-198
1654057447.1981258 0.4872467517852783 941.7979664689985 848.6652197661958 500 15640 34-199
1654057448.485881 0.7494583129882812 917.0570104954546 882.8611151308253 500 15640 35-200
1654057449.970811 1.2546749114990234 613.1054291034962 747.9832721171608 500 15640 35-201
1654057451.9277241 0.2284104824066162 1213.8847441616745 980.9340081394176 100 15640 35-202
1654057452.924942 0.402677059173584 1385.785426031558 1183.3597170854878 500 15640 35-203
1654057454.0244002 0.8908915519714355 755.3152777248191 969.3374974051535 500 15640 35-204
1654057455.6512504 0.3341410160064697 1336.322027557833 1152.8297624814932 500 15640 35-205
1654057456.7040062 1.1712419986724854 706.245166189012 929.5374643352526 500 15640 36-206
1654057458.555873 0.4029381275177002 1379.6659140318748 1154.6016891835636 500 15640 36-207
1654057459.748016 0.7673418521881104 633.5950510370626 894.0983701103131 500 15640 36-208
1654057461.268687 0.7467758655548096 1341.1252909946825 1117.6118305524978 500 15640 36-209
1654057462.8431237 0.9921376705169678 1019.0359967616099 1068.323913657054 500 15640 36-210
1654057464.5873702 1.358074426651001 826.7411402251018 947.5325269410779 500 15640 36-211
1654057466.6953442 0.7138535976409912 1576.7714888873822 1262.1520079142301 500 15640 37-212
1654057468.1435106 0.8418726921081543 1516.219746721532 1389.185877317881 500 15640 37-213
1654057469.7396584 0.5181772708892822 1606.7860301381295 1497.9859537280054 500 15640 37-214
1654057470.9509985 0.37444615364074707 1310.436748325577 1404.2113510267911 500 15640 37-215
1654057472.0203788 0.3550140857696533 1578.7091906084268 1491.460270817609 500 15640 37-216
1654057473.1469486 0.6883666515350342 904.6574214647381 1198.0588461411735 500 15640 37-217
1654057474.5562773 0.4592163562774658 1487.2292562404828 1342.6440511908281 500 15640 38-218
1654057475.7891347 0.5162434577941895 1220.416434315715 1281.5302427532715 500 15640 38-219
1654057477.0374954 0.3479728698730469 1544.5801857946262 1413.0552142739489 500 15640 38-220
1654057478.1382003 0.2772486209869385 1678.9262949009558 1545.9907545874523 500 15640 38-221
1654057479.1097753 0.5358452796936035 1279.876908484012 1412.9338315357322 1000 15640 38-222
1654057480.4051256 0.2801327705383301 1685.258026373619 1549.0959289546756 500 15640 38-223
1654057481.3697698 1.2693140506744385 1476.9678150209368 1513.0318719878062 1000 15640 39-224
1654057483.3681953 1.097348928451538 1409.3457057294604 1461.1887888586334 1000 15640 39-225
1654057485.2861 1.0794923305511475 1215.7714907802363 1338.480139819435 500 15640 39-226
1654057487.0854795 0.559863805770874 1388.8377708742594 1363.658955346847 500 15640 39-227
1654057488.3978028 0.2775232791900635 1812.8064840839952 1588.2327197154211 500 15640 39-228
1654057489.3553991 0.879915714263916 1348.656446024179 1468.4445828698001 1000 15640 40-229
1654057490.931174 0.6941606998443604 1148.5409649073456 1308.4927738885729 500 15640 40-230
1654057492.3170197 0.3884308338165283 1666.5618268238893 1487.527300356231 500 15640 40-231
1654057493.3952188 0.33036017417907715 1767.476971008876 1627.5021356825537 500 15640 40-232
1654057494.3928967 0.5427510738372803 2037.1327728252118 1832.3174542538827 1000 15640 40-233
1654057495.6954153 0.46012163162231445 2029.7067901528067 1931.0121222033447 1000 15640 40-234
1654057496.9145734 0.7707791328430176 967.7480463809072 1449.380084292126 1000 15640 41-235
1654057498.4004536 0.25491952896118164 1814.9413734027928 1632.1607288474593 500 15640 41-236
1654057499.3355412 0.4198451042175293 2007.749980962635 1819.955354905047 1000 15640 41-237
1654057500.4633849 0.7823262214660645 949.2715182271493 1384.6134365660982 1000 15640 41-238
1654057501.9262145 0.2193286418914795 2136.0456890614623 1760.3295628137803 500 15640 41-239
1654057502.8347337 0.4206359386444092 1957.5883189003982 1858.9589408570891 1000 15640 41-240
1654057503.9741743 1.161369800567627 1000.5219693435085 1429.7404551002987 1000 15640 42-241
1654057506.01242 0.20341062545776367 2137.744766387784 1783.7426107440413 500 15640 42-242
1654057506.8777208 1.1981861591339111 2020.667641287125 1902.2051260155831 1000 15640 42-243
1654057508.8514943 0.9739968776702881 3103.4760678393604 2502.840596927472 1000 15640 42-244
1654057510.6066244 0.5589566230773926 4111.975607956548 3307.4081024420097 1000 15640 42-245
1654057511.9528651 0.3429393768310547 3833.470545575893 3570.439324008951 1000 15640 42-246
1654057512.9929566 0.412783145904541 4071.0189276686588 3820.729125838805 1000 15640 43-247
1654057514.1125066 0.39338207244873047 4088.991625843958 3954.8603758413815 1000 15640 43-248
1654057515.2453442 0.3801267147064209 4135.042182483707 4044.951279162544 1000 15640 43-249
1654057516.3042803 0.30136966705322266 4160.7637963728885 4102.857537767716 1000 15640 43-250
1654057517.3185818 0.3969991207122803 4013.83256754077 4058.345052654243 1000 15640 43-251
1654057518.4058917 0.2995789051055908 3730.222592295418 3894.2838224748302 1000 15640 44-252
1654057519.443439 0.2919316291809082 3853.7242543966677 3874.004038435749 1000 15640 44-253
1654057520.5346847 0.3507080078125 4067.6345227984684 3970.8192806171087 1000 15640 44-254
1654057521.754253 0.2514488697052002 4258.48802285491 4114.653651736009 1000 15640 44-255
1654057522.7374558 0.14824724197387695 4298.386880696822 4206.520266216416 1000 15640 44-256
1654057523.6053379 0.14022374153137207 3714.691922433566 3960.606094324991 1000 15640 44-257
1654057542.0762506 0.301577091217041 3915.1514965380825 3937.8787954315367 1000 15640 45-258
1654057544.1302974 0.4655137062072754 4042.742404585697 3990.310600008617 1000 15640 45-259
1654057546.3832731 0.6222841739654541 2993.1277026232074 3491.7191513159123 1000 15640 45-260
1654057548.8396835 0.24593210220336914 4365.465062841609 3928.592107078761 1000 15640 45-261
1654057550.708858 0.196258544921875 4136.665745296221 4032.628926187491 1000 15640 45-262
1654057552.5459247 0.3991818428039551 3952.5445068273716 3992.5867165074314 1000 15640 46-263
1654057554.5787542 0.1570582389831543 4321.2505398891835 4156.9186281983075 1000 15640 46-264
1654057556.225985 0.2490551471710205 4072.832910790886 4114.875769494597 1000 15640 46-265
1654057558.0453155 0.2097926139831543 3842.194368504911 3978.535068999754 1000 15640 46-266
1654057559.8565297 0.28850531578063965 3865.523229554434 3922.029149277094 1000 15640 46-267
1654057561.8463163 0.37897777557373047 2481.9608447382525 3201.994997007673 1000 15640 46-268
1654057563.8472862 0.37792038917541504 2876.7751916538446 3039.385094330759 1000 15640 47-269
1654057565.8730955 0.4522092342376709 2216.230727109094 2627.8079107199264 1000 15640 47-270
1654057567.9998622 0.8554782867431641 3002.9423771585025 2815.3751439392145 1000 15640 47-271
1654057570.9240153 1.0013084411621094 2498.107373485163 2656.741258712189 1000 15640 47-272
1654057573.7326722 0.9226970672607422 2625.45973749739 2641.1004981047895 1000 15640 47-273
1654057576.7522292 0.49291181564331055 3859.513891987219 3250.3071950460044 1000 15640 47-274
1654057578.967225 0.3579871654510498 4165.557159349906 3707.9321771979553 1000 15640 48-275
1654057580.9718084 0.5037341117858887 4014.594113609622 3861.2631454037887 1000 15640 48-276
1654057583.245579 0.23975205421447754 4396.809042799622 4129.036094101705 1000 15640 48-277
1654057585.118901 0.358076810836792 4273.429481300474 4201.23278770109 1000 15640 48-278
1654057587.3270867 0.34850311279296875 3724.615225377088 3962.924006539089 1000 15640 48-279
1654057589.285717 0.3600502014160156 3905.8775539333583 3934.400780236224 1000 15640 49-280
1654057591.2639177 0.25137758255004883 3788.9138336763554 3861.6573069562896 1000 15640 49-281
1654057593.1232622 0.19231319427490234 4415.963258277751 4138.810282617021 1000 15640 49-282
1654057594.9071767 0.19815635681152344 3925.506163498282 4032.1582230576514 1000 15640 49-283
1654057596.6065247 0.2589423656463623 3657.617005374359 3844.887614216005 1000 15640 49-284
1654057598.5129883 0.2924339771270752 4083.57473277149 3964.2311734937475 1000 15640 49-285
1654057599.573182 0.25209903717041016 3834.9372962757006 3899.584234884724 1000 15640 50-286
1654057600.6221066 0.24308252334594727 4007.988672280842 3953.786453582783 1000 15640 50-287
1654057602.1891646 0.2562692165374756 4111.7072672125305 4032.7468603976567 1000 15640 50-288
1654057603.1791217 0.24663281440734863 4151.012923645637 4091.879892021647 1000 15640 50-289
1654057604.1934736 0.2517554759979248 4096.800659098679 4094.340275560163 1000 15640 50-290
1654057605.1935894 0.24166607856750488 3930.150253729945 4012.245264645054 1000 15640 50-291
1654057606.1305609 0.2446610927581787 3861.733753203863 3936.9895089244583 1000 15640 51-292
1654057607.103292 0.242020845413208 3666.7585326580693 3801.874020791264 1000 15640 51-293
1654057608.0765502 0.3989684581756592 4157.1607128645655 3979.517366827915 1000 15640 51-294
1654057609.2384615 0.3068966865539551 3702.1709577833744 3840.8441623056447 1000 15640 51-295
1654057610.3052957 0.3403294086456299 4144.666796834904 3992.7554795702745 1000 15640 51-296
1654057611.3619761 0.19286537170410156 4113.791879743268 4053.273679656771 1000 15640 51-297
1654057612.2927077 0.3018975257873535 3722.7466408307996 3888.0101602437853 1000 15640 52-298
