1654075539.440589 0.14502263069152832 1466.9710443504437 733.4855221752218 10 15641 1-1
1654075540.7870626 0.3112161159515381 1182.1238719439837 957.8046970596027 100 15641 1-2
1654075541.9914973 0.6013686656951904 1099.9309370988567 1028.8678170792298 500 15641 1-3
1654075543.4060643 0.822333812713623 877.4344297226132 953.1511234009215 500 15641 1-4
1654075545.1381145 1.0205492973327637 805.1899130670432 879.1705182339824 500 15641 1-5
1654075547.090139 1.1289865970611572 732.0405770549909 805.6055476444867 500 15641 1-6
1654075549.2594585 1.698925256729126 500.8248577327852 653.2152026886359 500 15641 2-7
1654075551.9542556 1.0561058521270752 321.7935013952636 487.5043520419498 100 15641 2-8
1654075553.9099753 1.306807518005371 271.140160366405 379.3222562041774 100 15641 2-9
1654075556.3188488 2.2523751258850098 165.80897014357564 272.5656131738765 100 15641 2-10
1654075559.4426188 5.124183177947998 72.29562003057642 172.43061660222645 100 15641 2-11
1654075563.4167523 4.066464900970459 91.10025760005723 131.76543710114186 100 15641 2-11
1654075568.3458552 1.872488260269165 240.91579614771732 186.34061662442957 10 15641 2-12
1654075571.1521502 1.0663368701934814 313.18433164503136 249.76247413473047 100 15641 3-13
1654075573.0997314 0.6382524967193604 512.4868319063139 381.1246530205222 100 15641 3-14
1654075574.9386976 0.559312105178833 523.8434807455482 452.4840668830352 100 15641 3-15
1654075576.4767177 0.35246825218200684 773.8115371002579 613.1478019916465 100 15641 3-16
1654075577.8274913 0.35163068771362305 769.5119039791273 691.3298529853869 100 15641 3-17
1654075579.0516627 0.32631897926330566 858.8651528413122 775.0975029133496 100 15641 3-18
1654075580.3790197 0.4191398620605469 955.8814044323094 865.4894536728295 500 15641 4-19
1654075581.722457 0.6556212902069092 1104.3814635297967 984.9354586013131 500 15641 4-20
1654075583.3951504 0.37795329093933105 1204.0429622110314 1094.4892104061723 500 15641 4-21
1654075584.799862 0.28818750381469727 1346.5677548930876 1220.52848264963 500 15641 4-22
1654075585.8860607 0.882392406463623 1284.5260132536364 1252.5272479516332 500 15641 4-23
1654075588.0604231 0.7221648693084717 1499.5467739063229 1376.037010928978 500 15641 4-24
1654075589.7560616 0.7743558883666992 1487.9050024791525 1431.971006704065 500 15641 5-25
1654075591.536511 0.5519473552703857 1637.6344435189965 1534.802725111531 500 15641 5-26
1654075593.2073505 0.7810807228088379 1804.6687862567878 1669.7357556841594 1000 15641 5-27
1654075595.0795205 0.6994097232818604 1976.6039189633539 1823.1698373237566 1000 15641 5-28
1654075596.9395144 0.7992520332336426 2002.3921534800224 1912.7809954018894 1000 15641 5-29
1654075598.7107496 0.747868537902832 1966.21722331506 1939.4991093584747 1000 15641 5-30
1654075600.478789 0.37014245986938477 4126.346381711959 3032.922745535217 1000 15641 6-31
1654075601.866671 0.4422469139099121 3819.5857265927657 3426.2542360639914 1000 15641 6-32
1654075603.3057826 0.37529516220092773 3515.3770495279214 3470.8156427959566 1000 15641 6-33
1654075604.6814828 0.2171950340270996 3883.219539424489 3677.017591110223 1000 15641 6-34
1654075605.8672464 0.21260356903076172 4018.37092337988 3847.6942572450516 1000 15641 6-35
1654075607.038318 0.20074462890625 4392.36658437215 4120.030420808601 1000 15641 6-36
1654075608.3454757 0.2236166000366211 3890.873932693333 4005.452176750967 1000 15641 7-37
1654075609.6371465 0.20142340660095215 4291.378120282045 4148.415148516506 1000 15641 7-38
1654075610.7991724 0.23941636085510254 3713.3301868958406 3930.872667706173 1000 15641 7-39
1654075612.0535119 0.21521925926208496 3964.1433713934384 3947.508019549806 1000 15641 7-40
1654075613.1442866 0.2040717601776123 4326.909314799303 4137.208667174555 1000 15641 7-41
