1654075529.5382352 0.09317708015441895 2283.222436756198 1141.611218378099 10 15640 1-1
1654075530.7396424 0.5789661407470703 1722.0074367622594 1431.8093275701792 500 15640 1-2
1654075532.2372773 0.3810420036315918 1735.934604835672 1583.8719662029257 500 15640 1-3
1654075533.6490612 0.7896289825439453 1508.992230960427 1546.4320985816762 1000 15640 1-4
1654075535.6142592 0.9181945323944092 1490.1940185070212 1518.3130585443487 1000 15640 1-5
1654075537.4581156 1.0401630401611328 1329.6453984615243 1423.9792285029366 1000 15640 1-6
1654075539.5617955 0.7970592975616455 1067.504014573261 1245.7416215380988 500 15640 2-7
1654075541.329038 0.7493445873260498 1122.4315411436091 1184.086581340854 500 15640 2-8
1654075543.3540099 1.0145907402038574 893.1207077820667 1038.6036445614604 500 15640 2-9
1654075545.3399322 1.218421220779419 758.6341933610662 898.6189189612633 500 15640 2-10
1654075547.4887812 1.1999175548553467 715.295810555476 806.9573647583696 500 15640 2-11
1654075549.588592 3.961796998977661 414.20395856311086 610.5806616607402 500 15640 2-12
1654075553.85285 2.8028714656829834 237.4935876118728 424.03712463630654 100 15640 2-12
1654075557.5011957 3.05338716506958 109.37361754200921 266.7053710891579 100 15640 3-13
1654075561.3919132 4.4788126945495605 73.03185516064462 169.86861312490126 100 15640 3-14
1654075565.4092455 2.4721198081970215 132.313975607258 151.09129436607964 100 15640 3-14
1654075568.7334485 1.225015640258789 239.17408918804037 195.13269177706002 100 15640 3-15
1654075571.0659633 0.8422024250030518 323.8461347330028 259.4894132550314 100 15640 3-16
1654075573.0509357 0.49830150604248047 543.0126072645916 401.2510102598115 100 15640 3-17
1654075574.6190739 0.5389204025268555 520.0471139817979 460.64906212080473 100 15640 3-18
1654075576.0942495 0.3546891212463379 737.7728391569658 599.2109506388853 100 15640 4-19
1654075577.3264859 0.47213101387023926 715.0727024528585 657.1418265458719 100 15640 4-20
1654075578.957556 0.2686269283294678 997.0407719940393 827.0912992699557 100 15640 4-21
1654075580.3120923 0.4161808490753174 932.4407907336721 879.7660450018138 500 15640 4-22
1654075581.6789818 1.0120344161987305 1119.9777219606199 999.8718834812169 500 15640 4-23
1654075583.7309706 0.9493296146392822 1140.7207605247606 1070.2963220029887 500 15640 4-24
1654075585.7741258 0.8839750289916992 1303.394284015255 1186.8453030091218 500 15640 5-25
1654075587.8468554 0.6215381622314453 1454.2759478434323 1320.560625426277 500 15640 5-26
1654075589.568574 0.5397231578826904 1497.2268434248638 1408.8937344255705 500 15640 5-27
1654075591.3795905 0.4887721538543701 1632.3515849017028 1520.6226596636366 500 15640 5-28
1654075593.0700488 0.9184930324554443 1742.4367343555602 1631.5296970095983 1000 15640 5-29
1654075594.98682 0.7518675327301025 1955.7594070601456 1793.644552034872 1000 15640 5-30
1654075596.8084972 0.779916524887085 1958.3326564610554 1875.9886042479638 1000 15640 6-31
1654075598.5750039 0.8433282375335693 2003.0160556941626 1939.5023299710633 1000 15640 6-32
1654075600.3540425 0.3245995044708252 4064.405465284924 3001.9538976279937 1000 15640 6-33
1654075601.7039416 0.21437883377075195 3934.231683067718 3468.092790347856 1000 15640 6-34
1654075602.9431694 0.19591569900512695 4360.65105725725 3914.371923802553 1000 15640 6-35
1654075604.1604881 0.22836017608642578 3861.1986341536754 3887.785278978114 1000 15640 6-36
1654075605.4800336 0.22874236106872559 3803.6854911128135 3845.7353850454638 1000 15640 7-37
1654075606.6982968 0.20014262199401855 4318.840191999847 4082.2877885226553 1000 15640 7-38
1654075608.0286508 0.2003321647644043 4437.789613293124 4260.0387009078895 1000 15640 7-39
1654075609.2453756 0.21344208717346191 3997.1498184734614 4128.594259690675 1000 15640 7-40
1654075610.46292 0.2267899513244629 3893.4705653546057 4011.0324125226407 1000 15640 7-41
