1654077248.501694 0.03508949279785156 6062.897552427026 5456.607797184324 10 15641 1-1
1654077249.470775 0.46701884269714355 4094.4814752154234 4230.694107412313 1000 15641 1-2
1654077250.8258085 0.2923104763031006 3759.5094568574086 3806.627921912899 1000 15641 1-3
1654077252.2661905 0.3216683864593506 3704.262060426557 3714.4986465751913 1000 15641 1-4
1654077253.4093602 0.3186497688293457 4294.018492550022 4236.066507952539 1000 15641 1-5
1654077254.55616 1.131624460220337 1222.179308258067 1523.5680282275143 1000 15641 1-6
1654077256.4948738 0.8430962562561035 1678.1950927916448 1662.7323863352317 1000 15641 2-7
1654077258.1418388 0.9059860706329346 1612.7135365108404 1617.7154214932798 1000 15641 2-8
1654077259.8847332 1.0631189346313477 1514.3818321308336 1524.7151910670784 1000 15641 2-9
1654077261.7216358 1.1374046802520752 1416.9240095291577 1427.7031276829498 1000 15641 2-10
1654077263.7611792 0.5766518115997314 1488.412908335342 1482.341930270103 500 15641 2-11
1654077265.220113 1.387706995010376 1182.5205219115655 1212.5026627474194 500 15641 2-12
1654077267.5130532 0.884690523147583 994.7885469246585 1016.5599585069347 500 15641 3-13
1654077269.280061 1.0775997638702393 771.0766351838729 795.624967516179 500 15641 3-14
1654077271.130313 0.9834334850311279 744.9492122762234 750.016787800219 500 15641 3-15
1654077273.0079687 0.9496736526489258 460.0232919818639 489.02264156369944 500 15641 3-16
1654077274.8980353 0.5042519569396973 536.6047593393054 531.8465475617448 100 15641 3-17
1654077276.273394 0.5243120193481445 534.5366683533989 534.2676562742334 100 15641 3-18
1654077277.60252 0.4192218780517578 624.2040640056781 615.2104232325337 100 15641 4-19
1654077278.8763697 0.7814104557037354 432.04950424671694 450.36559614529864 100 15641 4-20
1654077280.4360313 0.6484708786010742 413.02086005432585 416.75533366342313 100 15641 4-21
1654077281.824734 1.487779140472412 175.40237855273182 199.53767406380095 100 15641 4-22
1654077284.129333 3.0572972297668457 128.38267610307977 135.49817589915187 100 15641 4-23
1654077287.9794147 5.82292366027832 40.644874260413665 50.130204424287484 10 15641 4-24
1654077292.029942 5.357335090637207 44.17718809742214 44.772489730108674 10 15641 4-24
1654077298.1553483 1.4020493030548096 167.85714987855874 155.54868386371373 10 15641 5-25
1654077300.355673 1.7563178539276123 196.34714708890792 192.2673007663885 100 15641 5-26
1654077302.907559 0.853022575378418 367.436934316721 349.91997096168774 100 15641 5-27
1654077304.5244482 0.7726302146911621 412.18165423066887 405.95548590377075 100 15641 5-28
1654077306.0561984 0.5809323787689209 579.2068273299716 561.8816931873515 100 15641 5-29
1654077307.3863535 0.5008418560028076 639.2756439234287 631.5362488498209 100 15641 5-30
1654077308.6890633 0.3679840564727783 891.4734055176856 865.4796898508991 100 15641 6-31
1654077309.8259616 1.6712803840637207 596.3188520029935 623.2349357877841 500 15641 6-32
1654077312.2895606 0.25762224197387695 1117.5432594410602 1068.1124270757325 100 15641 6-33
1654077313.3087082 0.6383826732635498 872.2667818556446 891.8513463776534 500 15641 6-34
1654077314.7653837 0.5518455505371094 1021.9381119429295 1008.9294353864019 500 15641 6-35
1654077316.0710359 0.5161781311035156 1117.8466603504469 1106.9549378540423 500 15641 6-36
1654077317.3528163 0.3543128967285156 1594.9969792745555 1546.1927751325043 500 15641 7-37
1654077318.5058713 0.6913626194000244 1250.2614051510716 1279.854542149215 1000 15641 7-38
1654077320.0508547 0.36620354652404785 1530.8426292457725 1505.7438205361168 500 15641 7-39
1654077321.2103362 0.6468265056610107 1318.9935671051871 1337.6685924482802 1000 15641 7-40
1654077322.6210835 0.32617902755737305 1698.723563404269 1662.6180663086702 500 15641 7-41
1654077323.7179637 0.4993777275085449 1753.990920600303 1744.85363517114 1000 15641 7-42
1654077325.0582802 0.5788142681121826 1562.8640305471422 1581.0629910095422 1000 15641 8-43
1654077326.481115 0.4892735481262207 2109.707348686897 2056.842912919162 1000 15641 8-44
1654077327.787022 0.5307919979095459 2071.1540572006597 2069.72294277251 1000 15641 8-45
1654077329.1235678 0.35416436195373535 3204.207204078432 3090.75877794784 1000 15641 8-46
1654077330.371462 0.24614286422729492 4185.764244006672 4076.2636974007887 1000 15641 8-47
