1654077249.105674 0.03575420379638672 5950.181444720066 5355.163300248059 10 15640 1-1
1654077250.024022 0.4538741111755371 4213.062505476219 4327.272584953403 1000 15640 1-2
1654077251.7869642 0.30141377449035645 3645.9647600981157 3714.0955425836446 1000 15640 1-3
1654077253.0455716 0.3221869468688965 3698.300044678285 3699.879594468821 1000 15640 1-4
1654077254.3490794 1.12862229347229 1212.3524476823513 1461.1051623609983 1000 15640 1-5
1654077256.2427642 0.5156264305114746 1602.8348259420889 1588.6618595839798 500 15640 1-6
1654077257.549847 0.8684985637664795 1629.1103509302184 1625.0655017955946 1000 15640 2-7
1654077259.2853353 0.9123721122741699 1601.4255371726413 1603.7895336349368 1000 15640 2-8
1654077261.0107973 1.1269943714141846 1428.5501692255714 1446.0741056665079 1000 15640 2-9
1654077262.945165 0.55356764793396 1669.779661889259 1647.4091062669838 500 15640 2-10
1654077264.4212823 1.0873386859893799 1365.6315360920612 1393.8092931095537 1000 15640 2-11
1654077266.401815 1.5858829021453857 1034.7497900255198 1070.6557403339232 500 15640 2-12
1654077268.8907585 1.0469365119934082 840.6240396796298 863.6272097450592 500 15640 3-13
1654077270.7448738 1.0627827644348145 781.8267550112907 790.0068004846676 500 15640 3-14
1654077272.6675131 1.2002410888671875 610.3840360035089 628.3463124516247 500 15640 3-15
1654077274.7756033 0.420773983001709 648.1959698513305 646.2110041113599 100 15640 3-16
1654077276.0228453 0.4455757141113281 607.268285569967 611.1625574241064 100 15640 3-17
1654077277.2722142 0.39939093589782715 701.7284940880521 692.6719004216576 100 15640 3-18
1654077278.4985778 0.5981149673461914 437.5078610071607 463.0242649486104 100 15640 4-19
1654077279.9191132 0.7262957096099854 464.8354596246929 464.6543401570846 100 15640 4-20
1654077281.5847764 1.4360413551330566 186.50716362913099 214.32188128192635 100 15640 4-21
1654077283.884953 2.0066025257110596 130.05066855855083 138.47778983088838 100 15640 4-22
1654077286.6574237 3.295198917388916 73.14156323860982 79.67518589783768 10 15640 4-23
1654077290.7545671 5.698620080947876 41.5314579035129 45.34583070294538 10 15640 4-24
1654077294.721654 3.4325013160705566 68.95030131290271 66.58985425190698 10 15640 4-24
1654077298.8766177 1.188943862915039 197.94374431016973 184.80835530434348 10 15640 5-25
1654077300.7913485 1.6957128047943115 203.3646257933576 201.5089987444562 100 15640 5-26
1654077303.2320864 0.9349675178527832 335.23303645865474 321.8606326872349 100 15640 5-27
1654077304.9021225 0.7153372764587402 445.19419088090626 432.86083506153915 100 15640 5-28
1654077306.3678274 0.6194021701812744 543.2334857682621 532.1962206975898 100 15640 5-29
1654077307.720884 0.566286563873291 565.3957208697622 562.0757708525449 100 15640 5-30
1654077309.0088394 0.408205509185791 803.6344258418422 779.4785603429125 100 15640 6-31
1654077310.2037451 1.6533939838409424 602.7698236114273 620.4406972845759 500 15640 6-32
1654077312.6278276 0.259523868560791 1109.3546100271744 1060.4632187529146 100 15640 6-33
1654077313.6319869 0.6653294563293457 836.9387447116994 859.291192115821 500 15640 6-34
1654077315.057537 0.5596654415130615 1007.6591444977373 992.8223492595457 500 15640 6-35
1654077316.3833919 0.5542280673980713 1041.10209125437 1036.2741170548875 500 15640 6-36
1654077317.7570815 0.36011672019958496 1569.2912000497868 1515.989491750297 500 15640 7-37
1654077318.88933 0.7579708099365234 1140.392200686974 1177.9519297933064 1000 15640 7-38
1654077320.4743521 0.33301353454589844 1683.415062287007 1632.868749037637 500 15640 7-39
1654077321.532154 0.6561574935913086 1300.2366174779916 1333.499830633956 1000 15640 7-40
1654077322.972445 0.34454798698425293 1608.1591561448413 1580.693223593753 500 15640 7-41
1654077324.1037118 0.5336036682128906 1641.4879660282668 1635.4084917848154 1000 15640 7-42
1654077325.4000783 0.6071710586547852 1489.8733842884405 1504.426895038078 1000 15640 8-43
