1654077839.6585965 0.03582596778869629 5938.2624708082385 593.8262470808237 10 15641 1-1
1654077840.569004 0.08851075172424316 4156.511981122774 950.0948204850185 100 15641 1-2
1654077841.5266764 0.19149470329284668 3454.215644745246 1200.5069029110414 500 15641 1-3
1654077842.6486874 0.2588310241699219 2787.702912794211 1359.2265038993582 500 15641 1-4
1654077844.0562513 0.2916374206542969 2817.663104262861 1505.0701639357085 500 15641 1-5
1654077845.3749855 1.302790641784668 1061.6041869209232 1460.7235662342298 1000 15641 1-6
1654077847.5371675 0.9002947807312012 945.0948935957904 1409.1606989703857 500 15641 2-7
1654077849.3114977 0.756047248840332 1112.480736210744 1379.4927026944215 500 15641 2-8
1654077850.8905232 0.4776952266693115 1896.9249626337407 1431.2359286883534 500 15641 2-9
1654077852.1450374 0.7030742168426514 1314.7061545664208 1419.5829512761602 500 15641 2-10
1654077853.734591 1.052931547164917 815.1489071735145 1359.1395468658957 500 15641 2-11
1654077855.8676784 2.3300938606262207 704.2600419362411 1293.6515963729303 500 15641 2-12
1654077859.0554857 0.6720144748687744 1309.6146480652146 1295.2479015421588 500 15641 3-13
1654077860.5235412 1.4441473484039307 575.3651114052334 1223.2596225284663 500 15641 3-14
1654077862.8175476 1.5800974369049072 463.64735673202006 1147.2983959488215 500 15641 3-15
1654077865.1737099 0.963965654373169 453.20286881391183 1077.8888432353306 500 15641 3-16
1654077867.0087166 1.018812656402588 444.91791219060144 1014.5917501308577 500 15641 3-17
1654077868.8956332 1.4708118438720703 334.47106239293294 946.5796813570652 500 15641 3-18
1654077871.3020334 1.732590675354004 231.2421541332256 875.0459286346812 500 15641 4-19
1654077874.0505946 6.838150978088379 105.88476363275787 798.1298121344888 500 15641 4-20
1654077877.8280253 13.488628625869751 53.678992882296264 723.6847302092696 500 15641 4-20
1654077885.9153912 8.616110563278198 84.03513333335363 659.719770521678 500 15641 4-20
1654077895.3638165 0.4992661476135254 536.4513522100939 647.3929286905196 100 15641 4-21
1654077896.6626103 0.3505587577819824 744.4115835277315 657.0947941742409 100 15641 4-22
1654077897.8746715 0.628807783126831 624.2034696966078 653.8056617264775 100 15641 4-23
1654077899.2946975 0.36278676986694336 979.7049658959621 686.395592143426 100 15641 4-24
1654077900.4540339 0.4136965274810791 913.8486182175915 709.1408947508426 100 15641 5-25
1654077901.6242678 0.3632924556732178 949.229731074271 733.1497783831854 100 15641 5-26
1654077902.7321544 0.5856971740722656 535.1434390928571 713.3491444541526 100 15641 5-27
1654077904.2066143 0.5811364650726318 548.0020944137408 696.8144394501113 100 15641 5-28
1654077905.6669683 0.2406606674194336 1398.1511960721377 766.948115112314 100 15641 5-29
1654077906.6749222 0.6226639747619629 1356.8152876083323 825.9348323619158 500 15641 5-30
