1654077838.3931727 0.03591585159301758 5923.401243849657 592.3401243849655 10 15640 1-1
1654077839.338323 0.08923864364624023 4122.608602820243 945.3669722284932 100 15640 1-2
1654077840.2585409 0.14922690391540527 4432.605533215211 1294.090828327165 500 15640 1-3
1654077841.2892537 0.18869876861572266 3823.787538695575 1547.0604993640059 500 15640 1-4
1654077842.3690917 0.35871124267578125 3814.455297785907 1773.799979206196 1000 15640 1-5
1654077843.8020854 0.4158034324645996 3326.2063081159126 1929.0406120971675 1000 15640 1-6
1654077845.2867718 1.2711782455444336 1113.046108961706 1847.4411617836213 1000 15640 2-7
1654077847.3593953 1.168217658996582 1250.705284882425 1787.7675740935017 1000 15640 2-8
1654077849.3830993 1.1847147941589355 1358.9498569087798 1744.8858023750295 1000 15640 2-9
1654077851.3962898 1.0815069675445557 1490.157759833022 1719.4129981208287 1000 15640 2-10
1654077853.3751166 1.4124159812927246 1051.3220040465205 1652.6038987133977 1000 15640 2-11
1654077855.8040671 3.153902053833008 885.9881988421297 1575.9423287262707 1000 15640 2-12
1654077859.869953 2.017608880996704 788.7118335908036 1497.219279212724 1000 15640 3-13
1654077862.7615466 1.5645413398742676 531.0898336932249 1400.606334660774 500 15640 3-14
1654077865.1162174 1.301492691040039 562.89828213677 1316.8355294083738 500 15640 3-15
1654077867.1966054 1.060973882675171 411.7650840739435 1226.3284848749306 500 15640 3-16
1654077869.1025133 1.4952912330627441 303.14362177563805 1134.0099985650015 500 15640 3-17
1654077871.4141042 2.1862504482269287 225.01722087648812 1043.1107207961502 500 15640 3-18
1654077874.5833952 3.792109489440918 105.65306753816034 949.3649554703512 500 15640 4-19
1654077878.4919536 9.098203182220459 44.03594775536987 858.8320546988531 500 15640 4-19
1654077886.4656594 4.715006113052368 84.97295451874426 781.4461446808422 500 15640 4-19
1654077891.9331336 3.0146477222442627 240.17930674200784 727.3194608869587 500 15640 4-20
1654077895.919157 0.4376068115234375 612.0380052303079 715.7913153212936 100 15640 4-21
1654077897.1442347 0.3515439033508301 742.3254891141432 718.4447327005785 100 15640 4-22
1654077898.3031583 0.6743230819702148 582.0711325099459 704.8073726815152 100 15640 4-23
1654077899.8281357 0.3596615791320801 988.2178709710778 733.1484225104714 100 15640 4-24
1654077900.9669514 0.4106321334838867 920.6683285901078 751.900413118435 100 15640 5-25
1654077902.205371 1.0923714637756348 827.4547898531081 759.4558507919023 500 15640 5-26
1654077904.1398604 0.9860403537750244 819.5283254952604 765.4630982622382 500 15640 5-27
1654077905.9835892 0.6238837242126465 1278.8408625451798 816.8008746905323 500 15640 5-28
1654077907.4394953 0.6979837417602539 1298.0703500558145 864.9278222270605 500 15640 5-29
1654077908.866464 0.5610380172729492 1505.8516071808 929.0202007224343 500 15640 5-30
1654077910.1814969 0.5759971141815186 1552.4522223876995 991.3634028889608 500 15640 6-31
1654077911.4887412 0.5587942600250244 1783.5115198845613 1070.578214588521 500 15640 6-32
1654077913.0614915 0.44608259201049805 1719.4304681182207 1135.4634399414908 500 15640 6-33
1654077914.280576 0.31713342666625977 1755.854013414988 1197.5024972888405 500 15640 6-34
1654077915.32433 0.3130645751953125 1801.3919321538235 1257.8914407753387 500 15640 6-35
1654077916.3630018 0.31452012062072754 1834.5662556062682 1315.5589222584317 500 15640 6-36
1654077917.455475 0.3021423816680908 1870.4029434070055 1371.0433243732891 500 15640 7-37
1654077918.5041513 0.25327539443969727 2177.771754023763 1451.7161673383366 500 15640 7-38
1654077919.5776398 0.2798736095428467 2003.0470215312534 1506.8492527576284 500 15640 7-39
1654077932.1259024 0.2015058994293213 4233.92070612428 1779.5563980942934 1000 15640 7-40
1654077933.0736682 0.19962549209594727 4423.282771799496 2043.9290354648135 1000 15640 7-41
1654077934.1321902 0.20514345169067383 4269.714644953594 2266.5075964136913 1000 15640 7-42
1654077935.0621943 0.20522069931030273 4407.976403160936 2480.6544770884157 1000 15640 8-43
1654077936.0824172 0.24495339393615723 4213.960800514693 2653.9851094310434 1000 15640 8-44
1654077937.113505 0.29383087158203125 3741.444845740399 2762.731083061979 1000 15640 8-45
1654077938.1832817 0.2939116954803467 3861.0780634140606 2872.5657810971875 1000 15640 8-46
1654077939.2489657 0.24824738502502441 4150.27936707628 3000.3371396950965 1000 15640 8-47
1654077940.2773662 0.3900933265686035 4110.462524710758 3111.3496781966624 1000 15640 8-48
1654077941.423504 0.44408535957336426 3964.6251830761785 3196.677228684614 1000 15640 9-49
1654077942.7742813 0.3032553195953369 4176.2301208432755 3294.6325179004803 1000 15640 9-50
1654077944.201425 0.25598812103271484 4284.073790517206 3393.5766451621525 1000 15640 9-51
1654077945.2270002 0.30077242851257324 4262.544962449595 3480.4734768908966 1000 15640 9-52
1654077946.2909682 0.34636688232421875 3761.260289257473 3508.552158127554 1000 15640 9-53
1654077947.4618464 0.3553600311279297 4070.2832994723876 3564.725272262037 1000 15640 9-54
1654077948.642117 0.40524864196777344 3944.521546668424 3602.704899702676 1000 15640 10-55
1654077950.0573804 0.2898447513580322 4162.173005885513 3658.6517103209594 1000 15640 10-56
1654077951.1263762 0.15092039108276367 3322.1753296746 3625.0040722563235 1000 15640 10-57
1654077952.0713825 0.14602184295654297 4405.806603820657 3703.0843254127567 1000 15640 10-58
