1654077658.432208 0.03592061996459961 5922.614927294208 2961.307463647104 10 15641 1-1
1654077659.4212234 0.46625661849975586 4101.175027075785 3531.2412453614443 1000 15641 1-2
1654077660.8516777 0.4658668041229248 2358.9231734786363 2945.0822094200403 1000 15641 1-3
1654077662.2959971 0.5213596820831299 2285.4548231253725 2615.2685162727066 1000 15641 1-4
1654077663.712886 0.5044536590576172 2712.4156509363693 2663.842083604538 1000 15641 1-5
1654077665.1492991 1.3082149028778076 1057.2024496568376 1860.5222666306877 1000 15641 1-6
1654077667.3065765 1.3385393619537354 1057.0327927710978 1458.7775297008927 1000 15641 2-7
1654077669.519882 0.7773077487945557 1082.0527664935212 1270.4151480972068 500 15641 2-8
1654077671.0620482 0.9453718662261963 958.5138212513591 1114.464484674283 500 15641 2-9
1654077672.903887 0.9834258556365967 939.914274881103 1027.189379777693 500 15641 2-10
1654077674.789395 1.0118293762207031 848.2615944654941 937.7254871215935 500 15641 2-11
1654077676.5987966 1.8185884952545166 902.3437706122398 920.0346288669166 500 15641 2-12
1654077679.3270648 1.4104738235473633 623.9605339052555 771.997581386086 500 15641 3-13
1654077681.6309726 1.0264205932617188 809.5238983461553 790.7607398661207 500 15641 3-14
1654077683.5582018 0.8392119407653809 872.9713727998728 831.8660563329968 500 15641 3-15
1654077685.3105218 0.5172369480133057 844.6264360618757 838.2462461974362 500 15641 3-16
1654077686.6276023 0.6497926712036133 697.5886618732911 767.9174540353637 500 15641 3-17
1654077688.061277 0.8356637954711914 588.6865060638603 678.301980049612 500 15641 3-18
1654077689.6465926 1.0843851566314697 241.31647173489705 459.8092258922545 100 15641 4-19
1654077691.6376579 1.8794584274291992 179.63046964640455 319.71984776932953 100 15641 4-20
1654077694.3110068 1.922196865081787 139.3364045407514 229.52812615504047 100 15641 4-21
1654077697.0269885 6.0845324993133545 42.88907981499805 136.20860298501927 100 15641 4-22
1654077701.1062796 6.551820516586304 39.830150923604364 88.01937695431181 100 15641 4-22
1654077708.4169898 1.8487279415130615 130.36856023431136 109.19396859431158 10 15641 4-23
1654077711.1005847 1.382350206375122 171.20987063084027 140.20191961257592 10 15641 4-24
1654077713.2379916 0.6936297416687012 339.2934095268474 239.74766456971167 10 15641 5-25
1654077714.7093353 1.0674846172332764 323.0472780898544 281.397471329783 100 15641 5-26
1654077716.523564 0.6333262920379639 494.8981337746385 388.14780255221075 100 15641 5-27
1654077717.935452 0.5627086162567139 565.9483270729112 477.04806481256094 100 15641 5-28
1654077719.261951 0.3658475875854492 919.7272618926592 698.38766335261 100 15641 5-29
1654077720.450047 0.36762142181396484 870.9394529299909 784.6635581413004 100 15641 5-30
1654077721.5917938 1.0865602493286133 822.971391188415 803.8174746648577 500 15641 6-31
1654077723.4136372 1.1140599250793457 894.5802443517739 849.1988595083158 500 15641 6-32
1654077725.4372597 0.9306917190551758 824.1268126664488 836.6628360873823 500 15641 6-33
1654077727.2792087 0.7287077903747559 764.1471758022943 800.4050059448383 500 15641 6-34
1654077728.8796885 0.6384680271148682 883.2893364267686 841.8471711858035 500 15641 6-35
1654077730.2706354 0.4470844268798828 1290.6018758623043 1066.224523524054 500 15641 6-36
1654077731.561848 0.3957548141479492 1427.9750486843911 1247.0997861042224 500 15641 7-37
1654077732.7651792 0.3525111675262451 1564.7050386252915 1405.9024123647569 500 15641 7-38
1654077733.9344678 0.27347278594970703 2049.9297509738212 1727.916081669289 500 15641 7-39
1654077735.1432385 0.654627799987793 1303.2749296866236 1515.5955056779562 1000 15641 7-40
1654077736.7256103 0.6020498275756836 1466.6560134327058 1491.1257595553311 1000 15641 7-41
1654077738.2656944 0.45207738876342773 1184.7175136650583 1337.9216366101946 500 15641 7-42
1654077739.6422608 0.2994084358215332 1827.7106939170735 1582.816165263634 500 15641 8-43
1654077740.7961483 0.45205044746398926 2283.42656398372 1933.121364623677 1000 15641 8-44
1654077742.229429 0.4884343147277832 2250.7673331934034 2091.94434890854 1000 15641 8-45
