1654077657.3070984 0.03691673278808594 5762.806833996384 2881.403416998192 10 15640 1-1
1654077658.5035167 0.4638485908508301 4122.465903135509 3501.9346600668505 1000 15640 1-2
1654077659.859815 0.28191089630126953 3898.1962542717474 3700.065457169299 1000 15640 1-3
1654077660.9298162 0.5076417922973633 2347.214153916675 3023.6398055429872 1000 15640 1-4
1654077662.3604739 0.5868186950683594 2331.704854496168 2677.6723300195777 1000 15640 1-5
1654077663.8935752 0.5042481422424316 2742.79245501922 2710.2323925193987 1000 15640 1-6
1654077665.221358 1.2959728240966797 1091.7512880613074 1900.9918402903531 1000 15640 2-7
1654077667.3664231 1.4414069652557373 1013.6595945620184 1457.3257174261857 1000 15640 2-8
1654077669.5779688 0.8395266532897949 1079.3606092780078 1268.3431633520968 500 15640 2-9
1654077671.1479592 0.9794142246246338 943.7641161013943 1106.0536397267456 500 15640 2-10
1654077672.991441 1.0159056186676025 844.858010654264 975.4558251905048 500 15640 2-11
1654077674.8512595 1.5863845348358154 1034.4225904659593 1004.939207828232 500 15640 2-12
1654077677.225171 1.2728815078735352 691.4076405039884 848.1734241661102 500 15640 3-13
1654077679.384107 1.403348445892334 592.0924360817999 720.132930123955 500 15640 3-14
1654077681.6858926 0.5416824817657471 540.8925151962097 630.5127226600823 100 15640 3-15
1654077683.3067539 0.2709653377532959 1006.5641689134553 818.5384457867688 100 15640 3-16
1654077684.5597696 0.4675476551055908 969.5011728753715 894.0198093310701 500 15640 3-17
1654077685.8805895 0.6719982624053955 732.0614167053093 813.0406130181897 500 15640 3-18
1654077687.3336642 0.5436437129974365 736.9679634313902 775.0042882247899 500 15640 4-19
1654077688.686072 2.0609681606292725 351.31838222038573 563.1613352225878 500 15640 4-20
1654077691.5787313 1.5863077640533447 168.83987210378004 366.00060366318394 100 15640 4-21
1654077693.9818804 1.6856393814086914 154.81365876841068 260.40713121579734 100 15640 4-22
1654077696.4991174 6.627443075180054 59.224046973702066 159.8155890947497 100 15640 4-23
1654077700.706059 7.598400115966797 51.656137345968 105.73586322035885 100 15640 4-23
1654077708.4770107 1.8855705261230469 127.82125975184658 116.77856148610272 10 15640 4-23
1654077711.1589832 1.4611961841583252 161.97140573312353 139.37498360961314 10 15640 4-24
1654077713.4114525 0.7289233207702637 322.8652360186647 231.1201098141389 10 15640 5-25
1654077714.9110625 1.0457429885864258 329.76362621005507 280.44186801209696 100 15640 5-26
1654077716.7277365 0.6901025772094727 454.1817555114873 367.3118117617921 100 15640 5-27
1654077718.2043006 0.6036474704742432 527.5661964586803 447.4390041102362 100 15640 5-28
1654077719.6006062 0.3972129821777344 847.1022224783197 647.270613294278 100 15640 5-29
1654077720.7317212 0.435945987701416 734.4396072737615 690.8551102840197 100 15640 5-30
1654077721.9090796 0.6385469436645508 513.7413987409736 602.2982545124967 100 15640 6-31
1654077723.3605514 0.4772353172302246 677.9213279471641 640.1097912298303 100 15640 6-32
1654077724.5977292 0.23994207382202148 1199.8896042448753 919.9996977373528 100 15640 6-33
1654077725.616626 0.8311724662780762 669.9451950008462 794.9724463690995 500 15640 6-34
1654077727.3312275 0.7195219993591309 783.7870148547298 789.3797306119147 500 15640 6-35
1654077728.9285283 0.7093889713287354 813.3873281385014 801.3835293752081 500 15640 6-36
1654077730.5237703 0.4540889263153076 1244.531560339328 1022.9575448572681 500 15640 7-37
1654077731.814876 0.4027400016784668 1369.5585184020497 1196.258031629659 500 15640 7-38
1654077733.0299957 0.38788914680480957 1445.2582770564102 1320.7581543430347 500 15640 7-39
1654077734.2865272 0.271437406539917 1984.9585466797716 1652.8583505114032 500 15640 7-40
1654077735.378566 0.6792981624603271 1299.8710268873567 1476.36468869938 1000 15640 7-41
1654077736.9985633 0.41946959495544434 1276.8124470544503 1376.588567876915 500 15640 7-42
1654077738.3232856 0.46451568603515625 1178.0700123840027 1277.329290130459 500 15640 8-43
1654077739.577662 0.3101310729980469 1997.6585835496132 1637.493936840036 500 15640 8-44
1654077740.7370236 0.4508326053619385 2438.492662076683 2037.9932994583594 1000 15640 8-45
1654077742.1622918 0.4753456115722656 2387.349272556557 2212.671286007458 1000 15640 8-46
