1654075746.986527 0.1078653335571289 1972.3111493214271 1775.0800343892845 10 15641 1-1
1654075748.0548027 1.2338180541992188 1549.8233256451006 1572.348996519519 1000 15641 1-2
1654075750.4235606 0.705115556716919 1558.5303565230945 1559.912220522737 1000 15641 1-3
1654075752.254136 0.9037208557128906 1318.4867788185138 1342.6293229889363 1000 15641 1-4
1654075753.9440129 0.6747698783874512 1217.8018407753543 1230.2845889967127 500 15641 1-5
1654075755.6167867 0.7147912979125977 1156.2311998110772 1163.6365387296407 500 15641 1-6
1654075757.5547428 0.9332547187805176 911.7167937943271 936.9087682878585 500 15641 2-7
1654075759.4873312 0.9530758857727051 882.4984584706904 887.9394894524073 500 15641 2-8
1654075761.6615832 1.2453646659851074 727.6198086792645 743.6517767565788 500 15641 2-9
1654075764.0509927 0.7071230411529541 528.1457091131867 549.696315877526 100 15641 2-10
1654075765.880811 0.9370927810668945 395.3247826519698 410.76193597452544 100 15641 2-11
1654075767.7587814 2.4555046558380127 271.0905061480418 285.05764913069015 100 15641 2-12
1654075771.7226179 2.652766704559326 125.8912061230341 141.80785042379972 100 15641 3-13
1654075775.2615967 3.672903299331665 60.11593064270916 68.28512262081821 10 15641 3-14
1654075779.306402 2.081389904022217 106.08295907139328 102.30317542633577 10 15641 3-14
1654075782.2607024 0.9513442516326904 206.95768084171652 196.49223030017845 10 15641 3-15
1654075784.1551714 0.8803906440734863 309.79883968102916 298.4681787429441 100 15641 3-16
1654075786.1036124 0.8426358699798584 321.11616611629387 318.8513673789589 100 15641 3-17
1654075788.025318 0.5433788299560547 515.780123459477 496.08724785142516 100 15641 3-18
1654075789.5904927 0.49935102462768555 524.0401783396915 521.2448852908649 100 15641 4-19
1654075791.3041837 0.4547743797302246 742.3637193464403 720.2518359408829 100 15641 4-20
1654075792.7357678 0.3510169982910156 763.0171795211754 758.7406451631462 100 15641 4-21
1654075794.0143507 0.39479947090148926 982.9395138597592 960.519626990098 500 15641 4-22
1654075795.3277721 1.1805920600891113 960.074218959635 960.1187597626813 500 15641 4-23
1654075797.360516 0.9460225105285645 1144.7084904934743 1126.249517420395 500 15641 4-24
1654075799.2680945 0.8524501323699951 1351.5957781562245 1329.0611520826415 500 15641 5-25
1654075801.0588505 0.6994106769561768 1292.3565936020666 1296.027049450124 500 15641 5-26
1654075802.6289444 0.5491819381713867 1471.4395063513812 1453.8982606612556 500 15641 5-27
1654075804.6395009 0.5182211399078369 1539.5898363812278 1531.0206788092305 500 15641 5-28
1654075806.1701245 0.9278290271759033 1724.903999685476 1705.5156675978515 1000 15641 5-29
1654075808.0858006 0.7819499969482422 1880.5192221227562 1863.0188666702659 1000 15641 5-30
1654075809.9526315 0.7752737998962402 1970.060126118557 1959.356000173728 1000 15641 6-31
1654075811.8016694 0.8561241626739502 1973.0782912657048 1971.7060621565072 1000 15641 6-32
