1654075743.679703 0.09194540977478027 2313.807731360545 2082.4269582244906 10 15640 1-1
1654075744.7990694 1.038862943649292 1840.6662897060041 1864.842356557853 1000 15640 1-2
1654075747.108373 0.6295018196105957 1745.736018173541 1757.6466520119723 1000 15640 1-3
1654075748.7376604 0.8102757930755615 1470.5412776522176 1499.251815088193 1000 15640 1-4
1654075750.698999 0.559046745300293 1469.8878169098418 1472.8242167276771 500 15640 1-5
1654075752.368474 0.6294229030609131 1313.0504085263926 1329.027789346521 500 15640 1-6
1654075753.8919237 0.6862061023712158 1239.9539978729445 1248.8613770203021 500 15640 2-7
1654075755.550625 0.7572457790374756 1110.7199581476639 1124.5341000349276 500 15640 2-8
1654075757.4385839 0.9894285202026367 915.8337176438157 936.7037558829269 500 15640 2-9
1654075759.5736845 1.084399700164795 852.3941862576407 860.8251432201694 500 15640 2-10
1654075761.8005004 1.1818931102752686 726.2044194505024 739.6664918274691 500 15640 2-11
1654075764.4799237 1.2992279529571533 512.3535084700819 535.0848068058207 100 15640 2-12
1654075766.8251112 1.0574517250061035 315.8158354681131 337.74273260188386 100 15640 3-13
1654075768.8386645 1.3887531757354736 235.5321346622825 245.75319445624262 100 15640 3-14
1654075771.6300447 2.0929460525512695 139.99023034676273 150.56652675771073 100 15640 3-15
1654075774.719433 4.1631951332092285 65.51314345665881 74.018481786764 100 15640 3-16
1654075778.8304718 2.6551852226257324 102.72127069548897 99.85099180461647 100 15640 3-16
1654075782.366113 1.0343809127807617 205.96667762097016 195.3551090393348 10 15640 3-17
1654075784.2172172 0.9310319423675537 301.0251176638547 290.4581168014027 100 15640 3-18
1654075786.2387602 0.8420257568359375 310.774341373249 308.7427189160644 100 15640 4-19
1654075788.1490428 0.6491909027099609 520.0442559972735 498.9141022891526 100 15640 4-20
1654075789.7374926 0.4985320568084717 537.2412793564786 533.4085616497459 100 15640 4-21
1654075791.3652036 0.35229039192199707 740.7525325237393 720.01813543634 100 15640 4-22
1654075792.6535063 0.5447664260864258 720.4996145223719 720.4514666137686 100 15640 4-23
1654075794.0337753 0.39344334602355957 903.367673115298 885.076052465145 100 15640 4-24
1654075795.4067876 1.1716151237487793 983.4014401533543 973.5689013845333 500 15640 5-25
1654075797.4344945 0.8142385482788086 1110.1021953709983 1096.4488659723518 500 15640 5-26
1654075799.2094681 0.6086850166320801 1327.5963395176675 1304.481592163136 500 15640 5-27
1654075800.9391534 0.6186718940734863 1289.6141034414454 1291.1008523136145 500 15640 5-28
1654075802.519218 0.5987203121185303 1513.2808786694886 1491.0628760339011 500 15640 5-29
1654075804.4715853 0.5363292694091797 1575.2263547553086 1566.8100068831677 500 15640 5-30
1654075806.051884 0.8664193153381348 1762.8138857960842 1743.2134979047926 1000 15640 6-31
1654075808.04834 0.92966628074646 1816.996093096638 1809.6178335774534 1000 15640 6-32
1654075810.1205683 0.6673905849456787 1976.8094272822007 1960.090267911726 1000 15640 6-33
1654075811.914401 0.42405128479003906 1988.9481066366804 1986.062322764185 1000 15640 6-34
1654075813.4506578 0.4315459728240967 1979.6732070263834 1980.3121186001636 1000 15640 6-35
1654075814.8135116 0.1958017349243164 4503.249168557276 4250.955463561564 1000 15640 6-36
1654075815.9782271 0.20958423614501953 4151.380924460219 4161.338378370354 1000 15640 7-37
1654075817.0981617 0.1903214454650879 4541.705733096487 4503.668997623874 1000 15640 7-38
