1654076899.2591717 0.03811168670654297 5582.119774391313 558.2119774391311 10 15641 1-1
1654076900.4150102 0.10305118560791016 3570.0317063771895 859.3939503329369 100 15641 1-2
1654076901.67498 0.15308117866516113 4321.001482793906 1205.5547035790337 500 15641 1-3
1654076902.677749 0.200242280960083 3603.3548786024617 1445.3347210813765 500 15641 1-4
1654076903.6650312 0.1928098201751709 4261.899104793725 1726.9911594526113 500 15641 1-5
1654076904.9216497 0.3467214107513428 3988.9316238156307 1953.185205888913 1000 15641 1-6
1654076906.1512625 0.35682153701782227 3965.2315043117214 2154.3898357311937 1000 15641 2-7
1654076907.471321 0.3567812442779541 4095.21527107439 2348.472379265513 1000 15641 2-8
1654076908.8173563 0.8106775283813477 1985.9536543643544 2312.220506775397 1000 15641 2-9
1654076910.3981419 0.7799608707427979 2066.278015287066 2287.626257626564 1000 15641 2-10
1654076912.0448928 0.7633805274963379 1945.1688201558472 2253.3805138794924 1000 15641 2-11
1654076913.6326485 1.4957818984985352 1868.1333173004277 2214.8557942215857 1000 15641 2-12
1654076916.0629354 0.899383544921875 1769.3363515320145 2170.3038499526288 1000 15641 3-13
1654076917.8636103 0.9349033832550049 1550.2692855318012 2108.3003935105457 1000 15641 3-14
1654076919.5444155 0.793769121170044 1521.6313759089348 2049.6334917503846 1000 15641 3-15
1654076921.3179305 0.44023561477661133 1388.2929492429387 1983.49943749964 1000 15641 3-16
1654076922.5546482 0.4833641052246094 1355.1688942554315 1920.666383175219 1000 15641 3-17
1654076923.8492527 0.6288483142852783 1149.720820706549 1843.5718269283518 1000 15641 3-18
1654076925.2532675 0.4849092960357666 1171.3695832263527 1776.351602558152 1000 15641 4-19
1654076926.4748127 1.2333920001983643 938.4267125243634 1692.5591135547731 1000 15641 4-20
1654076928.5726728 0.6962950229644775 946.5298160455516 1617.956183803851 1000 15641 4-21
1654076930.136856 0.7171430587768555 738.0619438787519 1529.966759811341 1000 15641 4-22
1654076931.7483466 3.7098186016082764 568.3684908706605 1433.806932917273 1000 15641 4-23
1654076935.8655784 4.112414836883545 275.618108813884 1317.988050506934 500 15641 4-23
1654076940.7973871 10.649993419647217 101.68269193502205 1196.357514649743 500 15641 4-24
1654076944.8056116 10.947591066360474 98.91856513782048 1086.6136196985508 500 15641 4-24
1654076952.8184237 5.452115058898926 198.62383465889283 997.814641194585 500 15641 4-24
1654076959.0837486 1.8238494396209717 631.7231976338139 961.2054968385078 500 15641 5-25
1654076961.6747556 1.2227208614349365 739.2431326797132 939.0092604226284 500 15641 5-26
1654076963.6508214 0.8574714660644531 942.4080356969673 939.3491379500623 500 15641 5-27
1654076965.248946 0.7884891033172607 1011.8694052249617 946.6011646775522 500 15641 5-28
1654076966.820133 0.787543535232544 1150.4532250810353 966.9863707179005 500 15641 5-29
1654076968.3617795 0.6760315895080566 1249.7049148469291 995.2582251308033 500 15641 5-30
1654076969.8265777 0.6810140609741211 1313.0536522563523 1027.037767843358 500 15641 6-31
1654076971.359319 0.6884384155273438 1447.6472804565856 1069.0987191046809 500 15641 6-32
1654076972.9157531 0.4749491214752197 1614.9266633394927 1123.681513528162 500 15641 6-33
1654076974.145553 0.37234044075012207 1495.5130817328964 1160.8646703486354 500 15641 6-34
1654076975.2734785 0.32415103912353516 1739.7815583897475 1218.7563591527467 500 15641 6-35
1654076976.4201026 0.3278837203979492 1759.794598218207 1272.8601830592927 500 15641 6-36
1654076977.5643773 0.2934224605560303 1925.9875298199483 1338.1729177353582 500 15641 7-37
1654076978.6680717 0.30965137481689453 1781.280642871882 1382.4836902490106 500 15641 7-38
1654076985.4194903 0.14851760864257812 3774.636591066704 1621.69898033078 500 15641 7-39
1654076986.4333155 0.20491552352905273 4163.471782454001 1875.876260543102 1000 15641 7-40
1654076987.5052338 0.24285221099853516 3635.956190678149 2051.8842535566064 1000 15641 7-41
1654076988.5637062 0.24501752853393555 3574.862603671578 2204.1820885681036 1000 15641 7-42
1654076989.6364202 0.25127553939819336 3600.063906604448 2343.770270371738 1000 15641 8-43
1654076990.699157 0.2588691711425781 3987.435025360664 2508.136745870631 1000 15641 8-44
1654076991.8545501 0.2934114933013916 3746.7925595905276 2632.0023272426206 1000 15641 8-45
1654076993.0409138 0.29707884788513184 3819.915177666189 2750.7936122849774 1000 15641 8-46
1654076994.1667695 0.24126553535461426 4270.38200249224 2902.7524513057033 1000 15641 8-47
1654076995.2365017 0.4017932415008545 3990.7689686626795 3011.554103041401 1000 15641 8-48
1654076996.500971 0.4568498134613037 3853.8529471220413 3095.7839874494653 1000 15641 9-49
1654076997.8273695 0.30060863494873047 4212.999404411648 3207.505529145684 1000 15641 9-50
1654076998.9541476 0.2540907859802246 4316.063629656181 3318.3613391967333 1000 15641 9-51
1654076999.9985864 0.2992231845855713 4284.614515334656 3414.986656810526 1000 15641 9-52
1654077001.0778947 0.3499889373779297 3722.3347965230664 3445.7214707817798 1000 15641 9-53
1654077002.247484 0.3504660129547119 4127.12202192031 3513.861525895633 1000 15641 9-54
1654077003.38813 0.40970659255981445 3901.6018512482874 3552.6355584308985 1000 15641 10-55
1654077004.581595 0.2963416576385498 4070.9227639923506 3604.4642789870436 1000 15641 10-56
1654077005.7077692 0.14005231857299805 3579.976433868667 3602.0154944752057 1000 15641 10-57
1654077006.6465762 0.15130949020385742 4251.841699639795 3666.998114991665 1000 15641 10-58
1654077007.587854 0.15014123916625977 3797.6508197631397 3680.063385468812 1000 15641 10-59
1654077008.6404736 0.11812448501586914 4500.811156370976 3762.1381625590284 1000 15641 10-60
