1654076905.7941425 0.03731489181518555 5701.316274845058 570.1316274845057 10 15640 1-1
1654076906.7639391 0.0940861701965332 3910.202734700704 904.1387382061254 100 15640 1-2
1654076908.1431754 0.1450655460357666 4559.759488561901 1269.700813241703 500 15640 1-3
1654076909.1938708 0.35462045669555664 2034.6936742553717 1346.2000993430697 500 15640 1-4
1654076910.3456042 0.42249369621276855 1944.9662974052337 1406.0767191492862 500 15640 1-5
1654076911.6604004 0.4076108932495117 2027.5807484224786 1468.2271220766054 500 15640 1-6
1654076912.9140532 0.4644486904144287 1831.9870796508694 1504.6031178340318 500 15640 2-7
1654076914.1775389 0.770594596862793 1896.0631257321845 1543.7491186238472 1000 15640 2-8
1654076915.777649 0.9505236148834229 1693.7695968736714 1558.7511664488297 1000 15640 2-9
1654076917.5805633 1.0475733280181885 1538.4278664758237 1556.7188364515291 1000 15640 2-10
1654076919.3911285 0.947019100189209 1567.9768229630477 1557.844635102681 1000 15640 2-11
1654076921.255055 2.1032416820526123 1328.5777016709487 1534.9179417595078 1000 15640 2-12
1654076924.2048705 1.3969721794128418 1139.1150256613132 1495.3376501496884 1000 15640 3-13
1654076926.4204257 0.8475944995880127 980.3178293439594 1443.8356680691156 500 15640 3-14
1654076928.0608692 0.7676186561584473 954.3905611496491 1394.8911573771688 500 15640 3-15
1654076929.6740966 0.6140666007995605 711.4407450774232 1326.5461161471942 500 15640 3-16
1654076931.137435 0.6507666110992432 696.5446479104514 1263.5459693235198 500 15640 3-17
1654076932.500975 0.8771491050720215 560.8442135497671 1193.2757937461445 500 15640 3-18
1654076934.1652467 0.7563107013702393 529.7399590857692 1126.9222102801068 500 15640 4-19
1654076935.800561 2.3379642963409424 309.69506297987186 1045.1994955500834 500 15640 4-20
1654076938.9008508 2.153331995010376 211.33387747661607 961.8129337427366 500 15640 4-21
1654076941.8367496 4.504193067550659 86.15616475139815 874.2472568436028 500 15640 4-22
1654076945.8850913 4.948440790176392 78.42146980325234 794.6646781395677 500 15640 4-22
1654076951.5905244 4.403916597366333 257.3745380822695 740.9356641338379 500 15640 4-23
1654076955.6258092 2.881622314453125 393.33954151972466 706.1760518724266 500 15640 4-23
1654076959.3328779 0.6145966053009033 578.3045284247645 693.3888995276604 100 15640 4-24
1654076960.7108455 0.5126478672027588 737.4574716614866 697.7957567410431 100 15640 5-25
1654076962.0835602 0.4938631057739258 698.2663737547141 697.8428184424101 100 15640 5-26
1654076963.398527 0.36888551712036133 849.6728265364028 713.0258192518094 100 15640 5-27
1654076964.5038943 0.36356449127197266 875.9491304715062 729.3181503737791 100 15640 5-28
1654076965.5799358 0.3477060794830322 967.7138820818919 753.1577235445903 100 15640 5-29
1654076966.7600327 0.747809648513794 1129.7527407931223 790.8172252694435 500 15640 5-30
1654076968.3051496 0.7225263118743896 1237.6130603191887 835.496808774418 500 15640 6-31
1654076969.8787274 0.7227485179901123 1378.924999765457 889.8396278735219 500 15640 6-32
1654076971.417218 0.5305671691894531 1445.637884401625 945.4194535263321 500 15640 6-33
1654076972.8659422 0.36193394660949707 1538.5127734392756 1004.7287855176264 500 15640 6-34
1654076974.0587397 0.3691592216491699 1527.6660230255636 1057.0225092684202 500 15640 6-35
1654076975.2097754 0.32828807830810547 1757.6270298139352 1127.0829613229716 500 15640 6-36
1654076976.3579836 0.3398723602294922 1662.7653970402546 1180.6512048947 500 15640 7-37
1654076977.5054402 0.2926506996154785 1884.7588634666865 1251.0619707518986 500 15640 7-38
1654076978.6117396 0.3162415027618408 1772.6958514429516 1303.225358821004 500 15640 7-39
1654076979.7207675 0.2669682502746582 2018.1875539345529 1374.7215783323588 500 15640 7-40
1654076980.848566 0.26946306228637695 2056.266989985932 1442.8761194977162 500 15640 7-41
1654076991.469676 0.1582348346710205 3384.7414263332757 1637.0626501812721 500 15640 7-42
1654076992.6234972 0.2145519256591797 4216.266049445714 1894.9829901077164 1000 15640 8-43
1654076993.7328367 0.2550981044769287 4046.3805174740337 2110.122742844348 1000 15640 8-44
1654076994.8333235 0.2944295406341553 3733.837296462058 2272.494198206119 1000 15640 8-45
1654076995.9477758 0.3001563549041748 3780.749537561152 2423.3197321416224 1000 15640 8-46
1654076997.0671196 0.24102139472961426 4274.707650562806 2608.4585239837406 1000 15640 8-47
1654076998.2417123 0.3963508605957031 4045.5670957546126 2752.169381160828 1000 15640 8-48
1654076999.5800447 0.4580349922180176 3843.880991437367 2861.340542188482 1000 15640 9-49
1654077000.9859097 0.3018467426300049 4195.718625171302 2994.778350486764 1000 15640 9-50
1654077002.1823897 0.2655668258666992 4129.551936394618 3108.2557090775495 1000 15640 9-51
1654077003.3202894 0.3275485038757324 3914.095118219179 3188.8396499917126 1000 15640 9-52
1654077004.5096593 0.33806777000427246 3853.594206816981 3255.3151056742395 1000 15640 9-53
1654077005.777812 0.3703188896179199 3905.866107700727 3320.370205876888 1000 15640 9-54
1654077007.0610924 0.4068450927734375 3929.0433346585155 3381.2375187550506 1000 15640 10-55
1654077008.3793871 0.28921985626220703 4171.165892933336 3460.230356172879 1000 15640 10-56
1654077009.6470082 0.14083337783813477 3560.121951887428 3470.219515744334 1000 15640 10-57
